1.000000000 0.000000000 0.000000000 0.000000000 0.000000000 1.000000000 0.000000000 0.000000000 0.000000000 0.000000000 1.000000000 0.000000000
1.000000000 0.000000000 0.000000000 0.000000000 0.000000000 1.000000000 0.000000000 0.000000000 0.000000000 0.000000000 1.000000000 0.000000000
1.000000000 0.000000000 0.000000000 0.000000000 0.000000000 1.000000000 0.000000000 0.000000000 0.000000000 0.000000000 1.000000000 0.000000000
1.000000000 0.000000000 0.000000000 0.000000000 0.000000000 1.000000000 0.000000000 0.000000000 0.000000000 0.000000000 1.000000000 0.000000000
1.000000000 0.000000000 0.000000000 0.000000000 0.000000000 1.000000000 0.000000000 0.000000000 0.000000000 0.000000000 1.000000000 0.000000000
1.000000000 0.000000000 0.000000000 0.000000000 0.000000000 1.000000000 0.000000000 0.000000000 0.000000000 0.000000000 1.000000000 0.000000000
1.000000000 0.000000000 0.000000000 0.000000000 0.000000000 1.000000000 0.000000000 0.000000000 0.000000000 0.000000000 1.000000000 0.000000000
1.000000000 0.000000000 0.000000000 0.000000000 0.000000000 1.000000000 0.000000000 0.000000000 0.000000000 0.000000000 1.000000000 0.000000000
1.000000000 0.000000000 0.000000000 0.000000000 0.000000000 1.000000000 0.000000000 0.000000000 0.000000000 0.000000000 1.000000000 0.000000000
1.000000000 0.000000000 0.000000000 0.000000000 0.000000000 1.000000000 0.000000000 0.000000000 0.000000000 0.000000000 1.000000000 0.000000000
1.000000000 0.000000000 0.000000000 0.000000000 0.000000000 1.000000000 0.000000000 0.000000000 0.000000000 0.000000000 1.000000000 0.000000000
1.000000000 0.000000000 0.000000000 0.000000000 0.000000000 1.000000000 0.000000000 0.000000000 0.000000000 0.000000000 1.000000000 0.000000000
1.000000000 0.000000000 0.000000000 0.000000000 0.000000000 1.000000000 0.000000000 0.000000000 0.000000000 0.000000000 1.000000000 0.000000000
1.000000000 0.000000000 0.000000000 0.000000000 0.000000000 1.000000000 0.000000000 0.000000000 0.000000000 0.000000000 1.000000000 0.000000000
1.000000000 0.000000000 0.000000000 0.000000000 0.000000000 1.000000000 0.000000000 0.000000000 0.000000000 0.000000000 1.000000000 0.000000000
1.000000000 0.000000000 0.000000000 0.000000000 0.000000000 1.000000000 0.000000000 0.000000000 0.000000000 0.000000000 1.000000000 0.000000000
1.000000000 0.000000000 0.000000000 0.000000000 0.000000000 1.000000000 0.000000000 0.000000000 0.000000000 0.000000000 1.000000000 0.000000000
1.000000000 0.000000000 0.000000000 0.000000000 0.000000000 1.000000000 0.000000000 0.000000000 0.000000000 0.000000000 1.000000000 0.000000000
1.000000000 0.000000000 0.000000000 0.000000000 0.000000000 1.000000000 0.000000000 0.000000000 0.000000000 0.000000000 1.000000000 0.000000000
0.999996245 -0.001491760 -0.002291446 -0.011456897 0.001495607 0.999997497 0.001678121 -0.008987063 0.002288937 -0.001681541 0.999995947 0.489228576
0.999996245 -0.001491760 -0.002291446 -0.011456897 0.001495607 0.999997497 0.001678121 -0.008987063 0.002288937 -0.001681541 0.999995947 0.489228576
0.999996245 -0.001491760 -0.002291446 -0.011456897 0.001495607 0.999997497 0.001678121 -0.008987063 0.002288937 -0.001681541 0.999995947 0.489228576
0.999996245 -0.001491760 -0.002291446 -0.011456897 0.001495607 0.999997497 0.001678121 -0.008987063 0.002288937 -0.001681541 0.999995947 0.489228576
0.999996245 -0.001491760 -0.002291446 -0.011456897 0.001495607 0.999997497 0.001678121 -0.008987063 0.002288937 -0.001681541 0.999995947 0.489228576
0.999996245 -0.001491760 -0.002291446 -0.011456897 0.001495607 0.999997497 0.001678121 -0.008987063 0.002288937 -0.001681541 0.999995947 0.489228576
0.999996245 -0.001491760 -0.002291446 -0.011456897 0.001495607 0.999997497 0.001678121 -0.008987063 0.002288937 -0.001681541 0.999995947 0.489228576
0.999996245 -0.001491760 -0.002291446 -0.011456897 0.001495607 0.999997497 0.001678121 -0.008987063 0.002288937 -0.001681541 0.999995947 0.489228576
0.999996245 -0.001491760 -0.002291446 -0.011456897 0.001495607 0.999997497 0.001678121 -0.008987063 0.002288937 -0.001681541 0.999995947 0.489228576
0.999996245 -0.001491760 -0.002291446 -0.011456897 0.001495607 0.999997497 0.001678121 -0.008987063 0.002288937 -0.001681541 0.999995947 0.489228576
0.999996245 -0.001491760 -0.002291446 -0.011456897 0.001495607 0.999997497 0.001678121 -0.008987063 0.002288937 -0.001681541 0.999995947 0.489228576
0.999996245 -0.001491760 -0.002291446 -0.011456897 0.001495607 0.999997497 0.001678121 -0.008987063 0.002288937 -0.001681541 0.999995947 0.489228576
0.999996245 -0.001491760 -0.002291446 -0.011456897 0.001495607 0.999997497 0.001678121 -0.008987063 0.002288937 -0.001681541 0.999995947 0.489228576
0.999996245 -0.001491760 -0.002291446 -0.011456897 0.001495607 0.999997497 0.001678121 -0.008987063 0.002288937 -0.001681541 0.999995947 0.489228576
0.999996245 -0.001491760 -0.002291446 -0.011456897 0.001495607 0.999997497 0.001678121 -0.008987063 0.002288937 -0.001681541 0.999995947 0.489228576
0.999996245 -0.001491760 -0.002291446 -0.011456897 0.001495607 0.999997497 0.001678121 -0.008987063 0.002288937 -0.001681541 0.999995947 0.489228576
0.999996245 -0.001491760 -0.002291446 -0.011456897 0.001495607 0.999997497 0.001678121 -0.008987063 0.002288937 -0.001681541 0.999995947 0.489228576
0.999996245 -0.001491760 -0.002291446 -0.011456897 0.001495607 0.999997497 0.001678121 -0.008987063 0.002288937 -0.001681541 0.999995947 0.489228576
0.999996245 -0.001491760 -0.002291446 -0.011456897 0.001495607 0.999997497 0.001678121 -0.008987063 0.002288937 -0.001681541 0.999995947 0.489228576
0.999996245 -0.001491760 -0.002291446 -0.011456897 0.001495607 0.999997497 0.001678121 -0.008987063 0.002288937 -0.001681541 0.999995947 0.489228576
0.999996245 -0.001491760 -0.002291446 -0.011456897 0.001495607 0.999997497 0.001678121 -0.008987063 0.002288937 -0.001681541 0.999995947 0.489228576
0.999996245 -0.001491760 -0.002291446 -0.011456897 0.001495607 0.999997497 0.001678121 -0.008987063 0.002288937 -0.001681541 0.999995947 0.489228576
0.999996245 -0.001491760 -0.002291446 -0.011456897 0.001495607 0.999997497 0.001678121 -0.008987063 0.002288937 -0.001681541 0.999995947 0.489228576
0.999996245 -0.001491760 -0.002291446 -0.011456897 0.001495607 0.999997497 0.001678121 -0.008987063 0.002288937 -0.001681541 0.999995947 0.489228576
0.999996245 -0.001491760 -0.002291446 -0.011456897 0.001495607 0.999997497 0.001678121 -0.008987063 0.002288937 -0.001681541 0.999995947 0.489228576
0.999996245 -0.001491760 -0.002291446 -0.011456897 0.001495607 0.999997497 0.001678121 -0.008987063 0.002288937 -0.001681541 0.999995947 0.489228576
0.999996245 -0.001491760 -0.002291446 -0.011456897 0.001495607 0.999997497 0.001678121 -0.008987063 0.002288937 -0.001681541 0.999995947 0.489228576
0.999996245 -0.001491760 -0.002291446 -0.011456897 0.001495607 0.999997497 0.001678121 -0.008987063 0.002288937 -0.001681541 0.999995947 0.489228576
0.999996245 -0.001491760 -0.002291446 -0.011456897 0.001495607 0.999997497 0.001678121 -0.008987063 0.002288937 -0.001681541 0.999995947 0.489228576
1.000000000 0.000000000 0.000000000 0.000000000 0.000000000 1.000000000 0.000000000 0.000000000 0.000000000 0.000000000 1.000000000 0.000000000
0.999812663 -0.000162906 0.019354232 -0.114382066 0.000164275 1.000000000 -0.000069152 -0.090032026 -0.019354220 0.000072318 0.999812663 0.242433757
0.999812663 -0.000162906 0.019354232 -0.114382066 0.000164275 1.000000000 -0.000069152 -0.090032026 -0.019354220 0.000072318 0.999812663 0.242433757
0.999812663 -0.000162906 0.019354232 -0.114382066 0.000164275 1.000000000 -0.000069152 -0.090032026 -0.019354220 0.000072318 0.999812663 0.242433757
0.999812663 -0.000162906 0.019354232 -0.114382066 0.000164275 1.000000000 -0.000069152 -0.090032026 -0.019354220 0.000072318 0.999812663 0.242433757
0.999812663 -0.000162906 0.019354232 -0.114382066 0.000164275 1.000000000 -0.000069152 -0.090032026 -0.019354220 0.000072318 0.999812663 0.242433757
0.999812663 -0.000162906 0.019354232 -0.114382066 0.000164275 1.000000000 -0.000069152 -0.090032026 -0.019354220 0.000072318 0.999812663 0.242433757
0.999812663 -0.000162906 0.019354232 -0.114382066 0.000164275 1.000000000 -0.000069152 -0.090032026 -0.019354220 0.000072318 0.999812663 0.242433757
0.999812663 -0.000162906 0.019354232 -0.114382066 0.000164275 1.000000000 -0.000069152 -0.090032026 -0.019354220 0.000072318 0.999812663 0.242433757
0.999812663 -0.000162906 0.019354232 -0.114382066 0.000164275 1.000000000 -0.000069152 -0.090032026 -0.019354220 0.000072318 0.999812663 0.242433757
0.999812663 -0.000162906 0.019354232 -0.114382066 0.000164275 1.000000000 -0.000069152 -0.090032026 -0.019354220 0.000072318 0.999812663 0.242433757
0.999812663 -0.000162906 0.019354232 -0.114382066 0.000164275 1.000000000 -0.000069152 -0.090032026 -0.019354220 0.000072318 0.999812663 0.242433757
0.999812663 -0.000162906 0.019354232 -0.114382066 0.000164275 1.000000000 -0.000069152 -0.090032026 -0.019354220 0.000072318 0.999812663 0.242433757
0.999812663 -0.000162906 0.019354232 -0.114382066 0.000164275 1.000000000 -0.000069152 -0.090032026 -0.019354220 0.000072318 0.999812663 0.242433757
0.999812663 -0.000162906 0.019354232 -0.114382066 0.000164275 1.000000000 -0.000069152 -0.090032026 -0.019354220 0.000072318 0.999812663 0.242433757
0.999812663 -0.000162906 0.019354232 -0.114382066 0.000164275 1.000000000 -0.000069152 -0.090032026 -0.019354220 0.000072318 0.999812663 0.242433757
0.999812663 -0.000162906 0.019354232 -0.114382066 0.000164275 1.000000000 -0.000069152 -0.090032026 -0.019354220 0.000072318 0.999812663 0.242433757
0.999812663 -0.000162906 0.019354232 -0.114382066 0.000164275 1.000000000 -0.000069152 -0.090032026 -0.019354220 0.000072318 0.999812663 0.242433757
0.999812663 -0.000162906 0.019354232 -0.114382066 0.000164275 1.000000000 -0.000069152 -0.090032026 -0.019354220 0.000072318 0.999812663 0.242433757
0.999812663 -0.000162906 0.019354232 -0.114382066 0.000164275 1.000000000 -0.000069152 -0.090032026 -0.019354220 0.000072318 0.999812663 0.242433757
0.999812663 -0.000162906 0.019354232 -0.114382066 0.000164275 1.000000000 -0.000069152 -0.090032026 -0.019354220 0.000072318 0.999812663 0.242433757
0.999812663 -0.000162906 0.019354232 -0.114382066 0.000164275 1.000000000 -0.000069152 -0.090032026 -0.019354220 0.000072318 0.999812663 0.242433757
0.999812663 -0.000162906 0.019354232 -0.114382066 0.000164275 1.000000000 -0.000069152 -0.090032026 -0.019354220 0.000072318 0.999812663 0.242433757
0.999812663 -0.000162906 0.019354232 -0.114382066 0.000164275 1.000000000 -0.000069152 -0.090032026 -0.019354220 0.000072318 0.999812663 0.242433757
0.999812663 -0.000162906 0.019354232 -0.114382066 0.000164275 1.000000000 -0.000069152 -0.090032026 -0.019354220 0.000072318 0.999812663 0.242433757
0.999812663 -0.000162906 0.019354232 -0.114382066 0.000164275 1.000000000 -0.000069152 -0.090032026 -0.019354220 0.000072318 0.999812663 0.242433757
0.999812663 -0.000162906 0.019354232 -0.114382066 0.000164275 1.000000000 -0.000069152 -0.090032026 -0.019354220 0.000072318 0.999812663 0.242433757
0.999812663 -0.000162906 0.019354232 -0.114382066 0.000164275 1.000000000 -0.000069152 -0.090032026 -0.019354220 0.000072318 0.999812663 0.242433757
0.999812663 -0.000162906 0.019354232 -0.114382066 0.000164275 1.000000000 -0.000069152 -0.090032026 -0.019354220 0.000072318 0.999812663 0.242433757
0.999812663 -0.000162906 0.019354232 -0.114382066 0.000164275 1.000000000 -0.000069152 -0.090032026 -0.019354220 0.000072318 0.999812663 0.242433757
1.000000000 0.000000000 0.000000000 0.000000000 0.000000000 1.000000000 0.000000000 0.000000000 0.000000000 0.000000000 1.000000000 0.000000000
1.000000000 0.000000000 0.000000000 0.000000000 0.000000000 1.000000000 0.000000000 0.000000000 0.000000000 0.000000000 1.000000000 0.000000000
1.000000000 0.000000000 0.000000000 0.000000000 0.000000000 1.000000000 0.000000000 0.000000000 0.000000000 0.000000000 1.000000000 0.000000000
1.000000000 0.000000000 0.000000000 0.000000000 0.000000000 1.000000000 0.000000000 0.000000000 0.000000000 0.000000000 1.000000000 0.000000000
0.999434173 -0.007926263 0.032688823 -0.024370521 0.008161217 0.999941766 -0.007060458 0.089122511 -0.032630954 0.007323244 0.999440610 0.169695497
0.998140812 -0.004428774 0.060788784 -0.014372721 0.004988105 0.999946594 -0.009052557 0.140440568 -0.060745444 0.009338948 0.998109579 0.355515838
0.995471299 -0.016716223 0.093581252 -0.057631541 0.017955143 0.999761760 -0.012412648 0.202980354 -0.093351461 0.014036699 0.995534241 0.542444170
0.992422342 -0.020018348 0.121231854 -0.045473825 0.021851430 0.999665856 -0.013809796 0.212914959 -0.120914891 0.016354240 0.992528141 0.712856174
0.988172412 -0.015681062 0.152543038 -0.075385571 0.017682236 0.999774337 -0.011770933 0.229669511 -0.152324051 0.014329013 0.988226712 0.854601562
0.982945502 -0.016350346 0.183168724 -0.070603482 0.018464277 0.999781072 -0.009841262 0.229031071 -0.182967708 0.013055502 0.983032227 1.046315670
0.978040338 -0.014808657 0.207889035 -0.057586651 0.017718492 0.999769270 -0.012141867 0.229923368 -0.207661256 0.015558714 0.978077054 1.170552254
0.970674455 -0.019594297 0.239597976 -0.066050947 0.023419987 0.999639511 -0.013130115 0.219656423 -0.239254326 0.018356448 0.970783412 1.336855173
0.965597034 -0.017709464 0.259439319 -0.055380233 0.022399016 0.999634624 -0.015130436 0.239850864 -0.259076566 0.020421090 0.965640903 1.453516841
0.958279550 -0.021005407 0.285059839 -0.027500520 0.025468435 0.999604106 -0.011958152 0.243288994 -0.284695774 0.018719278 0.958435118 1.605199933
0.951721370 -0.020521592 0.306276560 0.009462012 0.025482047 0.999600768 -0.012205996 0.276302308 -0.305903792 0.019421261 0.951864302 1.722620368
0.946731746 -0.016245207 0.321613312 0.037150428 0.020859225 0.999722958 -0.010905596 0.296878219 -0.321347058 0.017033279 0.946808279 1.843517661
0.943100393 -0.021861624 0.331788689 0.112034068 0.026570357 0.999600232 -0.009661661 0.316405654 -0.331444830 0.017927658 0.943304241 1.955348611
0.936576486 -0.028647013 0.349290520 0.145043492 0.034113027 0.999372780 -0.009506168 0.328760922 -0.348799139 0.020818612 0.936966240 2.096669912
0.932600975 -0.019569295 0.360378206 0.212716788 0.026923807 0.999518871 -0.015398518 0.371250451 -0.359903455 0.024063427 0.932679176 2.252873421
0.930606425 -0.016756311 0.365637749 0.289639324 0.027322687 0.999344647 -0.023743000 0.388432503 -0.365000278 0.032085594 0.930454373 2.382604122
0.927376032 -0.014272291 0.373858184 0.364737332 0.028087739 0.999108016 -0.031531576 0.439464390 -0.373074681 0.039742459 0.926949739 2.529421329
0.923381567 -0.014978033 0.383591086 0.445802897 0.027169105 0.999282658 -0.026382685 0.449928045 -0.382920772 0.034783110 0.923126101 2.690033913
0.920332074 -0.016858365 0.390774488 0.497888714 0.028258577 0.999325752 -0.023441337 0.469242185 -0.390115798 0.032616545 0.920187950 2.805884361
0.915353835 -0.014411196 0.402392447 0.539212227 0.026420739 0.999355257 -0.024310647 0.504209578 -0.401782691 0.032884348 0.915144444 2.919061184
0.910661519 -0.015953638 0.412845105 0.565258384 0.028034441 0.999337196 -0.023221359 0.475263953 -0.412201017 0.032720681 0.910505176 3.019135952
0.905978560 -0.013807375 0.423098326 0.613538563 0.025441900 0.999437213 -0.021863034 0.467770755 -0.422558308 0.030571865 0.905820012 3.145284176
0.902532160 -0.012101020 0.430452436 0.645825386 0.024013136 0.999463975 -0.022251228 0.463534653 -0.429952472 0.030418960 0.902338982 3.234225273
0.900208414 -0.017639812 0.435101837 0.663327456 0.029465720 0.999356627 -0.020447690 0.469837368 -0.434461206 0.031227775 0.900149047 3.308357716
0.900274217 -0.020681210 0.434831738 0.709677696 0.031093750 0.999374509 -0.016844740 0.457482457 -0.434211373 0.028685434 0.900354147 3.366307020
0.901916325 -0.024944793 0.431189865 0.767495573 0.035620026 0.999225855 -0.016699836 0.447784424 -0.430439502 0.030420847 0.902106643 3.405104637
0.905579567 -0.024123792 0.423489839 0.857619047 0.034296874 0.999276876 -0.016416458 0.437160909 -0.422787577 0.029390788 0.905752122 3.466308117
0.907811344 -0.027172050 0.418497562 0.910290956 0.037822660 0.999136865 -0.017173920 0.428122342 -0.417669713 0.031419370 0.908055544 3.519681454
0.909896970 -0.024441896 0.414113641 0.933863521 0.036717325 0.999089897 -0.021707403 0.470745504 -0.413206160 0.034956645 0.909966290 3.533021450
0.910879552 -0.027766442 0.411737174 0.985389590 0.038101509 0.999130726 -0.016912684 0.440496624 -0.410909683 0.031093229 0.911145687 3.569019794
0.911716819 -0.029359374 0.409768820 0.997259140 0.041324098 0.998938084 -0.020371681 0.461409599 -0.408735573 0.035506532 0.911961913 3.572646141
0.912404478 -0.031105274 0.408106029 1.017639518 0.042577185 0.998911440 -0.019054357 0.435383439 -0.407069087 0.034761284 0.912735701 3.553159237
0.910033464 -0.034062572 0.413132906 0.960200727 0.046688654 0.998699069 -0.020501835 0.444101542 -0.411897123 0.037945978 0.910439968 3.566154480
0.910161972 -0.035089213 0.412763804 0.965714812 0.048334446 0.998595715 -0.021688528 0.453806430 -0.411423117 0.039690781 0.910579860 3.578949213
0.911004424 -0.033901218 0.411000758 0.974955559 0.044474695 0.998879313 -0.016188331 0.427539229 -0.409991354 0.033026773 0.911491275 3.593956709
0.911730766 -0.033422749 0.409426421 0.983443439 0.044000011 0.998896301 -0.016438376 0.428366482 -0.408425122 0.033002138 0.912195027 3.610904217
0.912800014 -0.032796692 0.407087862 0.996393621 0.042885493 0.998956919 -0.015680633 0.421669871 -0.406148970 0.031771448 0.913254380 3.625115395
0.913506687 -0.035427969 0.405278146 1.013085246 0.045346435 0.998860240 -0.014895150 0.412227154 -0.404288530 0.031984739 0.914072096 3.630002260
0.914403260 -0.036543630 0.403151602 1.023218989 0.046453916 0.998810410 -0.014826809 0.415224701 -0.402130157 0.032285653 0.915013075 3.645067453
0.914468586 -0.035776433 0.403072298 1.038023353 0.045186620 0.998882473 -0.013856807 0.406622440 -0.402126074 0.030885089 0.915063262 3.676049471
0.915916860 -0.036255933 0.399727196 1.061770916 0.045457922 0.998874187 -0.013560657 0.407765776 -0.398785561 0.030591205 0.916533828 3.696609497
0.915479839 -0.040996391 0.400269926 1.073029757 0.050932664 0.998600960 -0.014212381 0.403007686 -0.399127245 0.033397961 0.916287065 3.704109192
0.915255487 -0.038789451 0.401002258 1.062128901 0.048806109 0.998698771 -0.014790638 0.404859871 -0.399906725 0.033108570 0.915957689 3.702327251
0.915525317 -0.038496029 0.400414139 1.055724144 0.048637915 0.998700917 -0.015192329 0.399800122 -0.399309129 0.033384267 0.916208327 3.709543467
0.916022658 -0.038936645 0.399232298 1.053907633 0.049723111 0.998623550 -0.016693164 0.402650982 -0.398032814 0.035142388 0.916697860 3.721284389
0.916346073 -0.042997781 0.398071766 1.065559626 0.055169810 0.998292983 -0.019168036 0.408141285 -0.396568060 0.039526097 0.917154014 3.756609440
0.917230368 -0.044603817 0.395852119 1.101976156 0.056227900 0.998259187 -0.017804032 0.401515424 -0.394368917 0.038588330 0.918141663 3.811085463
0.916897118 -0.045137011 0.396563172 1.103375435 0.057223096 0.998186409 -0.018691950 0.409054279 -0.395000279 0.039831165 0.917817116 3.824064255
0.916124880 -0.041007306 0.398790240 1.108446240 0.052103240 0.998496652 -0.017020017 0.401604384 -0.397492766 0.036370724 0.916884243 3.859692335
0.916259289 -0.041187856 0.398462653 1.118601680 0.051898126 0.998522222 -0.016124846 0.399832577 -0.397209644 0.035454005 0.917042792 3.898884296
0.917993903 -0.039518230 0.394620717 1.139022708 0.049284600 0.998677492 -0.014639358 0.388877690 -0.393520296 0.032887563 0.918727517 3.936499596
0.919253111 -0.039204530 0.391710013 1.157693624 0.049489744 0.998643398 -0.016191205 0.385561734 -0.390543848 0.034269445 0.919946253 3.984936953
0.921579897 -0.031046906 0.386945218 1.211241961 0.042680681 0.998857260 -0.021507505 0.388546169 -0.385835320 0.036335971 0.921851873 4.059517860
0.923745632 -0.028721325 0.381928205 1.236180305 0.040409572 0.998927236 -0.022615904 0.385879844 -0.380868912 0.036324896 0.923915267 4.103698254
0.924662650 -0.027468909 0.379795223 1.260959744 0.039596509 0.998923719 -0.024155313 0.393302411 -0.378722936 0.037374079 0.924755156 4.176156521
0.923909366 -0.023672596 0.381878346 1.235974669 0.038137741 0.998811364 -0.030353546 0.426814139 -0.380705863 0.042607903 0.923714042 4.231084347
0.925113797 -0.020812675 0.379119039 1.261593699 0.034665160 0.998956144 -0.029748617 0.427093089 -0.378104150 0.040663078 0.924869597 4.298688889
0.925140142 -0.018181885 0.379190058 1.286832929 0.031265855 0.999108255 -0.028375290 0.436329335 -0.378335983 0.038106821 0.924883664 4.386368275
0.925159454 -0.022845417 0.378890544 1.276731610 0.034444533 0.999121666 -0.023862651 0.429596245 -0.378012627 0.035127465 0.925133765 4.413407326
0.926031888 -0.023771662 0.376695961 1.298520088 0.036064867 0.999021113 -0.025614353 0.463945866 -0.375718325 0.037305199 0.925982773 4.527258396
0.930417895 -0.023352291 0.365755707 1.363359094 0.034762651 0.999091744 -0.024641337 0.450998932 -0.364848107 0.035641380 0.930384636 4.609871864
0.932279706 -0.024845099 0.360884070 1.414232254 0.036132753 0.999045074 -0.024563165 0.440857440 -0.359929204 0.035939474 0.932287157 4.721561432
0.935683489 -0.019785017 0.352285415 1.519471884 0.031743500 0.999098122 -0.028200705 0.417669058 -0.351409763 0.037569705 0.935467660 4.844699383
0.937482953 -0.017328734 0.347599447 1.586849332 0.028417645 0.999236047 -0.026828475 0.407482654 -0.346868992 0.035029195 0.937259197 4.969100475
0.937922418 -0.017160108 0.346420407 1.579430103 0.030329434 0.999007225 -0.032629669 0.427230477 -0.345516562 0.041110829 0.937511683 5.071528435
0.938807845 -0.019671552 0.343879193 1.598598123 0.029449541 0.999296188 -0.023234181 0.347186655 -0.343180090 0.031939514 0.938726425 5.149224281
0.940445900 -0.014905117 0.339616507 1.633985400 0.023309968 0.999514341 -0.020681813 0.345247954 -0.339143306 0.027366575 0.940336585 5.244965076
0.943182528 -0.011815399 0.332064867 1.688931584 0.017935811 0.999720931 -0.015372424 0.317935288 -0.331790566 0.020454856 0.943131268 5.352349281
0.945623219 -0.016989993 0.324820012 1.727905869 0.020100759 0.999778569 -0.006223493 0.278899848 -0.324642330 0.012414209 0.945755363 5.425640106
0.946883917 -0.021036724 0.320886791 1.754032850 0.021643994 0.999764323 0.001674782 0.220835388 -0.320846379 0.005359448 0.947116077 5.513761997
0.947348297 -0.024114562 0.319295675 1.766901374 0.024392808 0.999697566 0.003128086 0.207190305 -0.319274515 0.004825131 0.947649956 5.609302044
0.949056745 -0.027269807 0.313922971 1.822572708 0.026737720 0.999624491 0.006001321 0.168751806 -0.313968748 0.002697990 0.949429512 5.714807987
0.949615955 -0.023598976 0.312526226 1.830819011 0.023693088 0.999713182 0.003496895 0.176917359 -0.312519133 0.004084005 0.949902713 5.803009033
0.949933529 -0.021700954 0.311697632 1.833000183 0.022338366 0.999749303 0.001525684 0.160997286 -0.311652571 0.005513516 0.950180113 5.872515202
0.951038122 -0.021412561 0.308331043 1.867223263 0.021758189 0.999760568 0.002317532 0.138824016 -0.308306843 0.004504665 0.951276302 5.957269192
0.949626267 -0.028112788 0.312121183 1.862086535 0.028860118 0.999580979 0.002225682 0.126116425 -0.312052995 0.006894288 0.950039685 6.032383919
0.948046744 -0.039100587 0.315718979 1.872638226 0.039489582 0.999206603 0.005167874 0.107584581 -0.315670580 0.007568223 0.948838651 6.117222309
0.946033597 -0.038616329 0.321759552 1.835483074 0.037252031 0.999251783 0.010398341 0.076517314 -0.321920365 0.002149015 0.946764290 6.156984329
0.945889890 -0.038962536 0.322140157 1.830175638 0.037657000 0.999237776 0.010285775 0.070730984 -0.322295368 0.002401621 0.946636081 6.194700241
0.943816960 -0.034082245 0.328706533 1.764624000 0.030787067 0.999409974 0.015225684 0.035225350 -0.329031497 -0.004250349 0.944309354 6.208671570
0.942012846 -0.035948794 0.333645701 1.756744266 0.032582220 0.999346018 0.015682554 0.026866451 -0.333991289 -0.003902249 0.942568064 6.252394676
0.940052211 -0.035407811 0.339187443 1.725063324 0.031955630 0.999365032 0.015759330 0.022275690 -0.339530051 -0.003975648 0.940586805 6.262576580
0.937895715 -0.032949630 0.345349073 1.713601232 0.030324174 0.999455512 0.013003585 0.030700758 -0.345589519 -0.001723582 0.938384235 6.279780388
0.934175670 -0.029271793 0.355610728 1.639359951 0.027244221 0.999571443 0.010709345 0.040813904 -0.355771780 -0.000316072 0.934572816 6.319057465
0.933363438 -0.028455505 0.357802927 1.640274525 0.027114755 0.999593914 0.008764680 0.041306734 -0.357907057 0.001521105 0.933755994 6.332067013
0.932431936 -0.025980473 0.360410452 1.633491158 0.022746500 0.999653935 0.013212491 0.013856770 -0.360629022 -0.004121673 0.932700276 6.365124702
0.934467912 -0.018738616 0.355553895 1.677160978 0.012194250 0.999712646 0.020638490 0.014288299 -0.355838448 -0.014950295 0.934427917 6.408082008
0.933982313 -0.016450204 0.356940329 1.680634379 0.010085415 0.999755323 0.019685589 0.008546088 -0.357176840 -0.014786101 0.933919728 6.434358597
0.932587624 -0.019973598 0.360390663 1.682825565 0.013876207 0.999713600 0.019498562 0.007901343 -0.360676885 -0.013183263 0.932597637 6.457177162
0.931762159 -0.019995039 0.362518281 1.672048211 0.014386484 0.999731481 0.018164296 0.014871722 -0.362784117 -0.011709440 0.931799650 6.461019993
0.930646718 -0.022099081 0.365251064 1.683304310 0.017117798 0.999711156 0.016870789 0.017022824 -0.365518391 -0.009448449 0.930756152 6.488656998
0.928588867 -0.020832283 0.370525002 1.680649877 0.016666045 0.999756813 0.014442518 0.017516047 -0.370735765 -0.007235976 0.928710222 6.563100815
0.927800000 -0.023088599 0.372362822 1.665007710 0.018620646 0.999705076 0.015591123 0.011495255 -0.372612983 -0.007531808 0.927956283 6.589778423
0.927146256 -0.020895289 0.374116540 1.665335894 0.015006782 0.999713540 0.018646121 0.009219706 -0.374399006 -0.011673395 0.927194238 6.631962776
0.926701546 -0.019726366 0.375279993 1.678217649 0.014724410 0.999760449 0.016191930 0.023297012 -0.375509530 -0.009479310 0.926770031 6.683846474
0.926035762 -0.023513375 0.376702636 1.693931818 0.018001223 0.999673247 0.018146714 0.026939850 -0.377006263 -0.010023398 0.926156461 6.731855392
0.925249934 -0.022304742 0.378701776 1.652158976 0.017097311 0.999707460 0.017108263 0.026503401 -0.378972560 -0.009354638 0.925360620 6.733006477
0.924291551 -0.025137773 0.380858541 1.650243402 0.019411685 0.999633491 0.018869223 0.016783774 -0.381193280 -0.010047559 0.924440801 6.765392303
0.924240053 -0.028970324 0.380711198 1.656289697 0.024063554 0.999554753 0.017643090 0.016845070 -0.381052792 -0.007145187 0.924525678 6.795340061
0.922846317 -0.030174401 0.383984685 1.683108330 0.024616517 0.999509037 0.019381832 0.021913797 -0.384380996 -0.008434086 0.923135996 6.861315250
0.921934187 -0.029295387 0.386237174 1.694319725 0.022375049 0.999498606 0.022401720 0.021430220 -0.386699766 -0.012010835 0.922127426 6.901187420
0.923247218 -0.026464282 0.383293986 1.711052895 0.018401762 0.999525845 0.024686946 0.028704956 -0.383765578 -0.015738869 0.923296452 6.949277878
0.923254490 -0.027916297 0.383173436 1.763607383 0.019912794 0.999493122 0.024838813 0.032560531 -0.383672625 -0.015302491 0.923342407 7.035270691
0.922996581 -0.025566999 0.383957833 1.736912012 0.017016843 0.999526143 0.025649674 0.037273448 -0.384431690 -0.017140813 0.922994316 7.062097549
0.922978878 -0.023711048 0.384119481 1.768996000 0.015208968 0.999567807 0.025156869 0.060992680 -0.384549946 -0.017377200 0.922940612 7.126095772
0.922521234 -0.015810985 0.385622293 1.771686077 0.007091542 0.999686241 0.024023319 0.066677667 -0.385881156 -0.019427365 0.922343969 7.139132500
0.920293272 -0.019482033 0.390743881 1.800198078 0.007799329 0.999474466 0.031463388 0.029240452 -0.391151518 -0.025908006 0.919961572 7.211542606
0.919481158 -0.020945771 0.392575771 1.877495408 0.008964742 0.999437094 0.032327697 0.025022309 -0.393031925 -0.026205368 0.919151366 7.281356335
0.917017162 -0.025896076 0.398006201 1.898361683 0.014697328 0.999406278 0.031162828 0.040245570 -0.398576856 -0.022727221 0.916853309 7.365349293
0.917048514 -0.026581537 0.397888780 1.963760853 0.016777560 0.999464273 0.028101977 0.054985356 -0.398422599 -0.019095272 0.917003155 7.448089600
0.916355968 -0.026690435 0.399473846 2.001762152 0.015734736 0.999405384 0.030680221 0.059862770 -0.400055170 -0.021828387 0.916231036 7.535098076
0.918022394 -0.030531244 0.395351410 2.101162672 0.017484562 0.999178410 0.036562260 0.066565275 -0.396142900 -0.026652429 0.917801976 7.644551277
0.915637493 -0.047495261 0.399189442 2.236278057 0.033373922 0.998549283 0.042255498 0.080589861 -0.400617272 -0.025368201 0.915894270 7.814010620
0.914679646 -0.051069364 0.400940180 2.333374500 0.035811715 0.998323977 0.045461945 0.091250986 -0.402589917 -0.027224764 0.914975524 7.937354565
0.913315356 -0.054014962 0.403655082 2.393505573 0.037913028 0.998137951 0.047782965 0.107512236 -0.405484468 -0.028337130 0.913662612 8.061310768
0.913423657 -0.058956768 0.402717441 2.519482613 0.040920097 0.997742236 0.053253897 0.113775462 -0.404947907 -0.032164134 0.913773894 8.199076653
0.911512256 -0.065347068 0.406048268 2.574020624 0.045189649 0.997231960 0.059045367 0.118932962 -0.408782750 -0.035471402 0.911942124 8.289083481
0.909895062 -0.071101971 0.408699721 2.586188555 0.049374770 0.996760726 0.063483752 0.118427515 -0.411889642 -0.037584100 0.910458326 8.325771332
0.909503460 -0.076929286 0.408516020 2.600164413 0.054631859 0.996323466 0.065991506 0.122300074 -0.412090808 -0.037701514 0.910362422 8.357443810
0.908797443 -0.085373193 0.408409894 2.618733883 0.063820884 0.995767355 0.066138402 0.118884623 -0.412327707 -0.034041330 0.910399437 8.359955788
0.907276213 -0.088494524 0.411118656 2.629762173 0.070793718 0.995796502 0.058117229 0.132511929 -0.414533585 -0.023623761 0.909727335 8.379587173
0.905874670 -0.088959597 0.414098173 2.611702681 0.076857470 0.995988071 0.045833230 0.176741317 -0.416514128 -0.009692630 0.909077585 8.390192986
0.905431509 -0.084828630 0.415930092 2.559834242 0.075105414 0.996384382 0.039716084 0.204215959 -0.417795300 -0.004721593 0.908528924 8.363004684
0.904170632 -0.090310469 0.417515904 2.532159567 0.082290396 0.995913386 0.037212588 0.209410205 -0.419170350 0.000711018 0.907907307 8.351225853
0.902441919 -0.085998714 0.422140747 2.476745129 0.078128934 0.996295094 0.035943635 0.195041955 -0.423667878 0.000544362 0.905817449 8.343845367
0.900648713 -0.085055143 0.426142603 2.421850920 0.076467961 0.996375799 0.037255395 0.183468074 -0.427766949 -0.000967767 0.903888524 8.342017174
0.898983359 -0.078744918 0.430845916 2.374576330 0.068565130 0.996878862 0.039132860 0.160218507 -0.432582676 -0.005638782 0.901576638 8.341733932
0.896872520 -0.075626135 0.435775667 2.324423313 0.065461189 0.997119129 0.038317703 0.141237319 -0.437418073 -0.005839704 0.899239302 8.344673157
0.896247447 -0.073508523 0.437420785 2.274214745 0.061622180 0.997243583 0.041326743 0.128045052 -0.439252973 -0.010084166 0.898306847 8.336015701
0.899947047 -0.074206479 0.429637939 2.366306782 0.061904792 0.997174203 0.042560846 0.131094307 -0.431582183 -0.011705860 0.901997685 8.334435463
0.903281331 -0.076856367 0.422108948 2.427923679 0.062965758 0.996918976 0.046774130 0.114099652 -0.424403310 -0.015671790 0.905337632 8.330109596
0.904790044 -0.075315133 0.419145167 2.413714647 0.061572626 0.997030914 0.046239883 0.115656301 -0.421383262 -0.016029516 0.906741023 8.297160149
0.904590726 -0.076155894 0.419423282 2.424880028 0.062298082 0.996966243 0.046660703 0.116131559 -0.421704352 -0.016079571 0.906590819 8.318847656
0.905113280 -0.074911505 0.418519080 2.449284315 0.062277734 0.997097850 0.043787017 0.126238972 -0.420584619 -0.013567794 0.907151878 8.344887733
0.905496955 -0.070569843 0.418443769 2.496480227 0.057701766 0.997392476 0.043344069 0.140422478 -0.420411438 -0.015102982 0.907207847 8.380243301
0.904102862 -0.069512673 0.421623051 2.494066238 0.056279860 0.997455299 0.043766588 0.139120862 -0.423592448 -0.015840612 0.905714393 8.405416489
0.903619289 -0.070933707 0.422422379 2.548594475 0.056208525 0.997301280 0.047230400 0.124107987 -0.424632639 -0.018934563 0.905167758 8.449039459
0.906156242 -0.066900395 0.417618454 2.593832493 0.052343898 0.997558594 0.046227153 0.137030125 -0.419691503 -0.020029243 0.907445788 8.456250191
0.907723367 -0.070248410 0.413646489 2.654151678 0.056580957 0.997373521 0.045217477 0.129661232 -0.415736526 -0.017640444 0.909313977 8.459100723
0.908117652 -0.070658691 0.412710130 2.687413692 0.058468115 0.997400761 0.042109706 0.140938759 -0.414612830 -0.014110183 0.909888506 8.458329201
0.909089744 -0.066694990 0.411226898 2.731096983 0.056657091 0.997723877 0.036565710 0.172457039 -0.412729651 -0.009942592 0.910799325 8.486494064
0.912653804 -0.069192283 0.402834356 2.851371765 0.061036341 0.997587681 0.033066500 0.211252391 -0.404150546 -0.005590733 0.914675415 8.508332253
0.912816167 -0.069539212 0.402406454 2.870140076 0.062273119 0.997573555 0.031129159 0.228303254 -0.403594732 -0.003356096 0.914931715 8.509368896
0.915006757 -0.075527832 0.396305621 2.957902431 0.068121105 0.997139275 0.032753747 0.208488494 -0.397645712 -0.002973122 0.917534232 8.530555725
0.916955054 -0.078894347 0.391112685 3.050613403 0.072214589 0.996882558 0.031783350 0.220214605 -0.392400920 -0.000899862 0.919793844 8.567835808
0.919976413 -0.085952364 0.382433772 3.154753447 0.079040326 0.996298909 0.033781022 0.211746961 -0.383921921 -0.000850055 0.923365176 8.568413734
0.920530438 -0.089135990 0.380366296 3.216375828 0.083767429 0.996012866 0.030681280 0.214977935 -0.381584555 0.003619255 0.924326837 8.573418617
0.923696339 -0.091151565 0.372124255 3.294304609 0.089467481 0.995750487 0.021829870 0.244973987 -0.372532725 0.013128852 0.927926183 8.565651894
0.926594853 -0.097994238 0.363068968 3.390700102 0.095246717 0.995126784 0.025509149 0.225389510 -0.363799423 0.010944479 0.931412995 8.510342598
0.927073300 -0.096188262 0.362329841 3.412482023 0.097721666 0.995113313 0.014139239 0.279817551 -0.361919284 0.022299368 0.931942701 8.529531479
0.929064512 -0.087706894 0.359369814 3.455715895 0.093826458 0.995588481 0.000415018 0.316502213 -0.357820868 0.033332825 0.933195114 8.512259483
0.932353377 -0.078355052 0.352955639 3.504977465 0.087380566 0.996127963 -0.009683689 0.356314003 -0.350830197 0.039870083 0.935589969 8.520477295
0.934552848 -0.072810590 0.348295301 3.543578625 0.087173909 0.995860934 -0.025723601 0.428840458 -0.344980747 0.054402329 0.937031865 8.518907547
0.936242700 -0.062497672 0.345750898 3.549091578 0.078991473 0.996301889 -0.033806540 0.452261508 -0.342359453 0.058962502 0.937717140 8.490402222
0.939163744 -0.060105823 0.338169724 3.609608889 0.077507414 0.996260464 -0.038179349 0.483572364 -0.334610313 0.062067319 0.940310359 8.529178619
0.940833151 -0.060033884 0.333509952 3.656397581 0.077357888 0.996244371 -0.038896747 0.496545076 -0.329922289 0.062394977 0.941943824 8.559943199
0.942656875 -0.054764971 0.329239726 3.694954634 0.072374567 0.996515453 -0.041459899 0.511213958 -0.325821936 0.062911041 0.943335712 8.580076218
0.942736328 -0.051912282 0.329474270 3.702409983 0.069856577 0.996636212 -0.042852126 0.534805417 -0.326141417 0.063414201 0.943191588 8.613181114
0.942648172 -0.048098590 0.330304354 3.704593182 0.067637466 0.996558905 -0.047911130 0.540804744 -0.326863319 0.067504287 0.942657709 8.618494987
0.940755188 -0.040119246 0.336704850 3.677316427 0.062299319 0.996522844 -0.055326395 0.560186863 -0.333314419 0.073025070 0.939983428 8.620539665
0.940001070 -0.034993764 0.339372098 3.670432568 0.058814649 0.996454597 -0.060158566 0.583574891 -0.336063743 0.076509163 0.938726544 8.640748024
0.942004561 -0.033751018 0.333898574 3.707964659 0.056919187 0.996583521 -0.059845787 0.585880399 -0.330737978 0.075380236 0.940707326 8.679009438
0.945474863 -0.036531851 0.323639780 3.799948454 0.059680186 0.996297181 -0.061888359 0.602880776 -0.320180506 0.077828772 0.944154203 8.717231750
0.948031306 -0.034639493 0.316285878 3.843454838 0.056942336 0.996478736 -0.061544336 0.599656463 -0.313040286 0.076356016 0.946665466 8.739076614
0.950593531 -0.033168353 0.308661342 3.907634020 0.054940522 0.996555805 -0.062113341 0.587745488 -0.305538058 0.076002553 0.949141741 8.797304153
0.952481627 -0.033640493 0.302732646 3.963525772 0.053502824 0.996907592 -0.057555713 0.550962627 -0.299860299 0.071017809 0.951336026 8.835887909
0.954289675 -0.038852531 0.296347290 4.069555759 0.058541667 0.996607125 -0.057854407 0.534198940 -0.293094009 0.072558530 0.953326344 8.932828903
0.955832720 -0.038522609 0.291375846 4.152357578 0.058119908 0.996570468 -0.058901306 0.543105423 -0.288107544 0.073234528 0.954793572 9.013545990
0.958695590 -0.035818301 0.282169759 4.267901897 0.056151643 0.996349275 -0.064304546 0.566425681 -0.278836370 0.077492774 0.957206964 9.076315880
0.958988130 -0.027566787 0.282102585 4.273038387 0.049427178 0.996274471 -0.070669301 0.620847642 -0.279103458 0.081714548 0.956777930 9.089909554
0.960935175 -0.028627511 0.275289118 4.340783596 0.052741762 0.995350540 -0.080595285 0.709961891 -0.271701932 0.091966078 0.957977176 9.100013733
0.961625159 -0.030785840 0.272633970 4.420217514 0.055712890 0.994893074 -0.084165223 0.728163719 -0.268650532 0.096124627 0.958429396 9.138442039
0.962643921 -0.032417677 0.268822879 4.492401600 0.057205960 0.994746387 -0.084894590 0.737144530 -0.264658481 0.097101532 0.959441066 9.183153152
0.964843094 -0.032154467 0.260852277 4.568283558 0.057469714 0.994281590 -0.090007514 0.785126805 -0.256466448 0.101834238 0.961173654 9.203926086
0.965202332 -0.031962801 0.259543628 4.578833580 0.055886988 0.994784355 -0.085327305 0.725493312 -0.255462617 0.096863218 0.961954474 9.269831657
0.967554331 -0.026211942 0.251299798 4.624977589 0.049821384 0.994869173 -0.088051967 0.752240419 -0.247702420 0.097715162 0.963895857 9.280570984
0.969667077 -0.033212315 0.242162496 4.753525734 0.055383805 0.994812191 -0.085330456 0.736771762 -0.238072187 0.096154019 0.966476083 9.324990273
0.972311497 -0.031200144 0.231596485 4.878063202 0.052962836 0.994680226 -0.088352859 0.773131490 -0.227607831 0.098172501 0.968791425 9.370106697
0.972534180 -0.026537662 0.231242403 4.897477150 0.048514687 0.994770586 -0.089876711 0.794885755 -0.227648035 0.098626822 0.968735814 9.472412109
0.972406924 -0.030001614 0.231353894 4.963528156 0.052138675 0.994560540 -0.090171769 0.771134377 -0.227390155 0.099746138 0.968681812 9.588885307
0.971125782 -0.035688579 0.235883534 4.972067356 0.057528779 0.994601309 -0.086363681 0.725464582 -0.231527865 0.097440086 0.967936099 9.724956512
0.972697556 -0.039297912 0.228724971 5.026995659 0.060195420 0.994551063 -0.085116036 0.716985941 -0.224133775 0.096560352 0.969762921 9.734289169
0.974289179 -0.043757956 0.221011043 5.108649731 0.064683504 0.993987381 -0.088346645 0.746774316 -0.215816319 0.100370944 0.971261561 9.787910461
0.974611402 -0.049077824 0.218458265 5.176800728 0.069886841 0.993615568 -0.088566214 0.763269126 -0.212716877 0.101585001 0.971818924 9.836579323
0.975706279 -0.052360319 0.212733760 5.281558037 0.072656177 0.993402123 -0.088731736 0.769234896 -0.206684157 0.102032542 0.973073006 9.894822121
0.977174163 -0.051674806 0.206059143 5.403320312 0.071346879 0.993454516 -0.089206241 0.766328156 -0.200100675 0.101871707 0.974464893 9.966439247
0.976865888 -0.055051841 0.206645295 5.471690655 0.076987512 0.992039382 -0.099653311 0.795278788 -0.199514166 0.113257028 0.973327756 10.063083649
0.976736486 -0.059600230 0.205994204 5.549303055 0.083123185 0.990725398 -0.107488409 0.806132913 -0.197677359 0.122110739 0.972631812 10.184405327
0.978019238 -0.064075328 0.198425755 5.675353527 0.087631501 0.989802659 -0.112300798 0.787432492 -0.189206615 0.127220690 0.973661005 10.310003281
