1.000000000 0.000000000 0.000000000 0.000000000 0.000000000 1.000000000 0.000000000 0.000000000 0.000000000 0.000000000 1.000000000 0.000000000
0.999998271 0.001021349 0.001565944 -0.005596024 -0.001014211 0.999989152 -0.004552182 -0.002043969 -0.001570576 0.004550586 0.999988437 0.693626225
0.999996901 -0.000868137 0.002322144 -0.003755748 0.000881225 0.999983728 -0.005641002 0.002057757 -0.002317209 0.005643031 0.999981403 1.383011937
0.999993503 -0.002449364 0.002640207 -0.004789342 0.002453777 0.999995589 -0.001669324 0.004675492 -0.002636106 0.001675792 0.999995112 2.070727587
0.999986053 -0.004866342 0.002058883 -0.002783715 0.004857283 0.999978602 0.004382304 0.004023879 -0.002080164 -0.004372242 0.999988258 2.755873680
0.999963045 -0.008589469 0.000422531 -0.000167327 0.008587481 0.999952972 0.004500478 0.005138611 -0.000461168 -0.004496683 0.999989808 3.434712887
0.999939561 -0.010993909 -0.000243765 -0.000967623 0.010994282 0.999938309 0.001582097 0.008715357 0.000226356 -0.001584681 0.999998748 4.110053062
0.999929130 -0.011842034 -0.001238007 -0.002223784 0.011839575 0.999927938 -0.001974118 0.012375639 0.001261295 0.001959321 0.999997258 4.780855179
0.999932528 -0.011482735 -0.001747140 -0.012417574 0.011478190 0.999930799 -0.002588981 0.012186595 0.001776748 0.002568753 0.999995112 5.452965260
0.999932826 -0.011253800 -0.002779831 -0.012808328 0.011252191 0.999936521 -0.000594224 0.009854469 0.002786342 0.000562905 0.999995947 6.121209621
0.999934018 -0.010928070 -0.003540589 -0.019635435 0.010936268 0.999937534 0.002304153 0.012053089 0.003515188 -0.002342722 0.999991059 6.789142609
0.999926507 -0.011270091 -0.004471855 -0.024281675 0.011287494 0.999928772 0.003885752 0.014193565 0.004427744 -0.003935943 0.999982476 7.455137253
0.999908566 -0.012576041 -0.004975375 -0.028154586 0.012598787 0.999910176 0.004567116 0.016343681 0.004917493 -0.004629382 0.999977171 8.112904549
0.999902785 -0.012668279 -0.005822002 -0.037059456 0.012694268 0.999909520 0.004448931 0.021311946 0.005765115 -0.004522405 0.999973178 8.777250290
0.999889553 -0.013252134 -0.006731219 -0.040006600 0.013276133 0.999905646 0.003533034 0.019792959 0.006683764 -0.003622009 0.999971092 9.421175003
0.999876440 -0.013548885 -0.007971885 -0.048004366 0.013560751 0.999907017 0.001436383 0.020880224 0.007951682 -0.001544310 0.999967217 10.082971573
0.999838233 -0.015169748 -0.009666623 -0.051335633 0.015166461 0.999884903 -0.000413380 0.029709984 0.009671780 0.000266704 0.999953210 10.728860855
0.999825537 -0.014805496 -0.011386617 -0.063007817 0.014796520 0.999890149 -0.000872098 0.028763385 0.011398277 0.000703464 0.999934793 11.379512787
0.999833703 -0.013244998 -0.012537671 -0.082587108 0.013226945 0.999911368 -0.001521775 0.026480449 0.012556715 0.001355687 0.999920249 12.030725479
0.999822021 -0.012281573 -0.014320975 -0.095642030 0.012259285 0.999923527 -0.001643080 0.026762176 0.014340060 0.001467222 0.999896109 12.682816505
0.999800861 -0.012513880 -0.015546221 -0.107436344 0.012509417 0.999921679 -0.000384272 0.022467727 0.015549812 0.000189722 0.999879062 13.312198639
0.999774456 -0.012169180 -0.017404299 -0.115431488 0.012179642 0.999925673 0.000495217 0.025633730 0.017396979 -0.000707083 0.999848425 13.953381538
0.999746740 -0.011990859 -0.019042574 -0.128436759 0.012013570 0.999927282 0.001078656 0.026510250 0.019028254 -0.001307152 0.999818087 14.591430664
0.999706924 -0.013077322 -0.020373246 -0.145774037 0.013101239 0.999913633 0.001040869 0.026501289 0.020357875 -0.001307479 0.999791920 15.225803375
0.999661267 -0.013158309 -0.022453543 -0.161377579 0.013179126 0.999912858 0.000779389 0.024134772 0.022441331 -0.001075044 0.999747574 15.850760460
0.999654055 -0.012717421 -0.023022708 -0.176664874 0.012736334 0.999918640 0.000675093 0.029239658 0.023012251 -0.000968084 0.999734700 16.464872360
0.999632776 -0.012491923 -0.024047606 -0.193273589 0.012562560 0.999917209 0.002788542 0.029885238 0.024010781 -0.003089617 0.999706924 17.083856583
0.999606073 -0.013559812 -0.024573524 -0.213386834 0.013706344 0.999889195 0.005804386 0.030789416 0.024492096 -0.006138913 0.999681175 17.695983887
0.999584794 -0.013228016 -0.025597978 -0.227058381 0.013410015 0.999885917 0.006951361 0.035214748 0.025503106 -0.007291744 0.999648154 18.303361893
0.999568760 -0.013059720 -0.026301656 -0.245722100 0.013208920 0.999897599 0.005506895 0.040051457 0.026227046 -0.005851937 0.999638855 18.899446487
0.999582708 -0.011850028 -0.026342835 -0.273337424 0.011930513 0.999924600 0.002900243 0.043248769 0.026306480 -0.003213316 0.999648750 19.485294342
0.999563336 -0.010103606 -0.027767301 -0.285693854 0.010142412 0.999947786 0.001257091 0.043893505 0.027753148 -0.001538169 0.999613643 20.054870605
0.999537706 -0.009173441 -0.028985901 -0.304978639 0.009197845 0.999957442 0.000708735 0.045983821 0.028978167 -0.000975015 0.999579549 20.627527237
0.999501824 -0.009221374 -0.030183425 -0.327035338 0.009237460 0.999957263 0.000393558 0.044357423 0.030178504 -0.000672180 0.999544322 21.189748764
0.999453425 -0.009052853 -0.031793881 -0.347395122 0.009048088 0.999959052 -0.000293726 0.042637777 0.031795237 0.000005892 0.999494433 21.754539490
0.999395847 -0.008851885 -0.033609893 -0.370114356 0.008835700 0.999960780 -0.000630042 0.044743687 0.033614155 0.000332695 0.999434829 22.304756165
0.999329805 -0.008533983 -0.035597127 -0.394222260 0.008550567 0.999963403 0.000313634 0.048118919 0.035593148 -0.000617799 0.999366164 22.856515884
0.999239683 -0.009689527 -0.037764639 -0.411372542 0.009798789 0.999948323 0.002709254 0.048924819 0.037736438 -0.003077242 0.999283016 23.399183273
0.999166429 -0.009013564 -0.039815124 -0.436395049 0.009203033 0.999947190 0.004577959 0.045285609 0.039771754 -0.004940563 0.999196589 23.924890518
0.999101818 -0.007407387 -0.041721202 -0.463065684 0.007588621 0.999962449 0.004187223 0.053004622 0.041688621 -0.004500068 0.999120533 24.455621719
0.999029815 -0.004787601 -0.043778576 -0.486324281 0.004953523 0.999980927 0.003682313 0.051009253 0.043760113 -0.003895598 0.999034464 24.980619431
0.998956501 -0.003191621 -0.045560665 -0.511514187 0.003330922 0.999989986 0.002981889 0.054005463 0.045550697 -0.003130537 0.998957098 25.490823746
0.998891771 -0.002659123 -0.046990518 -0.537995279 0.002856312 0.999987364 0.004129713 0.055957180 0.046978947 -0.004259356 0.998886824 25.999471664
0.998850226 -0.001292238 -0.047922842 -0.571244419 0.001563175 0.999983013 0.005616553 0.062053848 0.047914773 -0.005685007 0.998835266 26.512351990
0.998842180 0.000946786 -0.048097461 -0.596479177 -0.000654267 0.999981225 0.006097181 0.063142255 0.048102327 -0.006058653 0.998824060 26.994737625
0.998900056 0.004715430 -0.046651978 -0.627847672 -0.004531143 0.999981523 0.004055210 0.063514069 0.046670239 -0.003839363 0.998902977 27.475505829
0.998957753 0.005908809 -0.045260791 -0.649752915 -0.005861371 0.999982119 0.001180744 0.063308232 0.045266960 -0.000914223 0.998974502 27.956785202
0.999040484 0.006083477 -0.043371111 -0.667401612 -0.006129587 0.999980807 -0.000930233 0.068659104 0.043364622 0.001195187 0.999058604 28.419923782
0.999186039 0.007603703 -0.039616026 -0.694858491 -0.007620108 0.999970913 -0.000263121 0.072136194 0.039612874 0.000564786 0.999214947 28.883956909
0.999251604 0.012139128 -0.036726285 -0.717485249 -0.012058177 0.999924362 0.002424882 0.071585119 0.036752943 -0.001980215 0.999322414 29.343040466
0.999309182 0.016361795 -0.033368759 -0.730407298 -0.016166840 0.999850690 0.006103992 0.071540050 0.033463649 -0.005560308 0.999424458 29.801080704
0.999349117 0.021155454 -0.029220473 -0.746539414 -0.020955443 0.999754965 0.007134276 0.073436037 0.029364243 -0.006517305 0.999547541 30.232458115
0.999407172 0.024947334 -0.023726109 -0.765153527 -0.024778966 0.999665856 0.007364017 0.077368662 0.023901895 -0.006771744 0.999691367 30.657136917
0.999441326 0.028392887 -0.017632373 -0.777873874 -0.028229630 0.999556899 0.009439807 0.080704458 0.017892584 -0.008936778 0.999799967 31.072721481
0.999372661 0.033535581 -0.011388704 -0.782386661 -0.033413928 0.999384224 0.010709184 0.080941565 0.011740830 -0.010321924 0.999877810 31.476013184
0.999330819 0.036288083 -0.004595107 -0.786395669 -0.036240540 0.999292672 0.010038607 0.083514154 0.004956139 -0.009865360 0.999939024 31.860759735
0.999175429 0.040497538 0.002901779 -0.789876938 -0.040525902 0.999123394 0.010492922 0.080150366 -0.002474298 -0.010601866 0.999940753 32.235599518
0.998949766 0.044648409 0.010292709 -0.789740324 -0.044747725 0.998951912 0.009629501 0.085905336 -0.009851979 -0.010079963 0.999900639 32.591556549
0.998629630 0.049029849 0.018301897 -0.789241195 -0.049163997 0.998766541 0.006953061 0.088827439 -0.017938413 -0.007843327 0.999808311 32.926219940
0.998324215 0.051604196 0.026187629 -0.781389356 -0.051727466 0.998652995 0.004051231 0.088781148 -0.025943294 -0.005399062 0.999648809 33.246936798
0.998127818 0.051220141 0.033427395 -0.761838019 -0.051368527 0.998673320 0.003594876 0.090452068 -0.033198915 -0.005305261 0.999434710 33.559909821
0.997844398 0.050657287 0.041718297 -0.752742887 -0.050920613 0.998688757 0.005273007 0.087808691 -0.041396476 -0.007385961 0.999115527 33.843425751
0.997411609 0.052389137 0.049249005 -0.731166422 -0.052739874 0.998591185 0.005848510 0.090294525 -0.048873220 -0.008430758 0.998769403 34.117977142
0.996783197 0.055286516 0.058023412 -0.716193676 -0.055717047 0.998429596 0.005827355 0.092668355 -0.057610121 -0.009041502 0.998298228 34.381534576
0.995949686 0.060202815 0.066781692 -0.701375961 -0.060676649 0.998144507 0.005087929 0.093674399 -0.066351466 -0.009119410 0.997754633 34.619098663
0.995083749 0.063801385 0.075747758 -0.683343887 -0.064377911 0.997912109 0.005191404 0.092400908 -0.075258389 -0.010042364 0.997113526 34.845035553
0.994364560 0.063232534 0.085092805 -0.662129223 -0.063973375 0.997933567 0.006005009 0.089448102 -0.084537245 -0.011414842 0.996354938 35.039417267
0.993445516 0.062230039 0.095882297 -0.638062537 -0.062923454 0.998009443 0.004222476 0.087603293 -0.095428675 -0.010228044 0.995383739 35.234107971
0.992350280 0.060716070 0.107491523 -0.608099759 -0.061045296 0.998134971 -0.000228056 0.086978734 -0.107304901 -0.006335541 0.994205952 35.427543640
0.990781665 0.061637484 0.120633803 -0.577931464 -0.061566010 0.998093665 -0.004323053 0.086117491 -0.120670296 -0.003143741 0.992687643 35.617080688
0.988620460 0.063509241 0.136367589 -0.551762581 -0.063219413 0.997978747 -0.006459452 0.084299833 -0.136502177 -0.002235131 0.990637243 35.803348541
0.986181974 0.065092325 0.152341872 -0.514789939 -0.064654261 0.997877002 -0.007832799 0.083008826 -0.152528316 -0.002124985 0.988296807 35.990077972
0.983329058 0.065936364 0.169458911 -0.481053501 -0.065340452 0.997821569 -0.009096982 0.082636103 -0.169689581 -0.002127193 0.985495269 36.174224854
0.980119348 0.064942844 0.187479243 -0.436566442 -0.064140104 0.997887194 -0.010351401 0.082091689 -0.187755391 -0.001879330 0.982214034 36.360507965
0.976311624 0.063780807 0.206755087 -0.388893396 -0.062923662 0.997960687 -0.010725880 0.080636680 -0.207017556 -0.002537985 0.978333950 36.536354065
0.971767902 0.064016514 0.227088183 -0.335483402 -0.062968172 0.997945011 -0.011865484 0.077253640 -0.227381110 -0.002768832 0.973801911 36.714145660
0.966499209 0.066393726 0.247933820 -0.280728400 -0.064956121 0.997790158 -0.013983406 0.072541386 -0.248314336 -0.002589868 0.968676031 36.876487732
0.960314870 0.067607425 0.270600498 -0.216777712 -0.065624259 0.997709930 -0.016380787 0.072332114 -0.271088243 -0.002027241 0.962552369 37.065738678
0.953032196 0.068765089 0.294959366 -0.149574578 -0.066589206 0.997628272 -0.017427279 0.066488594 -0.295458198 -0.003032351 0.955350876 37.245265961
0.944499791 0.071458757 0.320645869 -0.081459224 -0.069257215 0.997431338 -0.018281151 0.061403513 -0.321128607 -0.004940498 0.947022736 37.404151917
0.934669733 0.073205315 0.347898602 -0.004983008 -0.071044199 0.997292519 -0.018983249 0.051578790 -0.348346353 -0.006973108 0.937339962 37.573860168
0.923563719 0.074058503 0.376225173 0.084648252 -0.071652457 0.997220933 -0.020405537 0.046156824 -0.376690805 -0.008111643 0.926303566 37.744258881
0.910995007 0.072275750 0.406034946 0.183703661 -0.069149353 0.997355103 -0.022386918 0.038521171 -0.406579077 -0.007682683 0.913583279 37.908939362
0.896092474 0.069326587 0.438420027 0.288815975 -0.064858951 0.997576714 -0.025178986 0.033825397 -0.439103216 -0.005872760 0.898417473 38.074214935
0.878883600 0.068650514 0.472070724 0.400550127 -0.062112793 0.997634828 -0.029440995 0.026887476 -0.472975343 -0.003446426 0.881068945 38.228408813
0.859429300 0.070711270 0.506340981 0.525432825 -0.061758593 0.997495472 -0.034476817 0.018702686 -0.507510781 -0.001640519 0.861643851 38.391056061
0.837705493 0.072142415 0.541336298 0.658456802 -0.060874991 0.997394204 -0.038717363 0.011927724 -0.542718887 -0.000520099 0.839914203 38.559803009
0.812977135 0.075783670 0.577343106 0.791784286 -0.062351968 0.997123837 -0.043085270 0.008060753 -0.578947663 -0.000971137 0.815364122 38.721557617
0.785496950 0.079612896 0.613723397 0.947514057 -0.065191790 0.996817887 -0.045870185 -0.004432619 -0.615422368 -0.003978837 0.788187504 38.893474579
0.755674243 0.084003650 0.649538159 1.117158413 -0.068727978 0.996435821 -0.048909031 -0.013646841 -0.651331663 -0.007682150 0.758754313 39.061912537
0.722622097 0.084984489 0.685999274 1.296728611 -0.068359368 0.996334732 -0.051421355 -0.028019071 -0.687854886 -0.009736259 0.725782990 39.222618103
0.686027944 0.082260981 0.722910047 1.499640465 -0.064495444 0.996552110 -0.052194163 -0.045307279 -0.724711061 -0.010817736 0.688968062 39.384292603
0.646947622 0.081017993 0.758218348 1.720178604 -0.061683394 0.996641338 -0.053863063 -0.058068395 -0.760035574 -0.011922887 0.649772167 39.541801453
0.603933692 0.080212042 0.792988122 1.934333801 -0.059636012 0.996681809 -0.055397667 -0.076250911 -0.794800460 -0.013834136 0.606713176 39.688385010
0.557733655 0.080383778 0.826118410 2.208789825 -0.056083139 0.996674418 -0.059116229 -0.086456299 -0.828123152 -0.013360195 0.560387075 39.851615906
0.509056449 0.078156665 0.857177436 2.486228943 -0.052516688 0.996833801 -0.059702046 -0.117905140 -0.859129608 -0.014624400 0.511549234 39.999935150
0.459702313 0.076824963 0.884743869 2.773170471 -0.050899480 0.996892810 -0.060116425 -0.129515648 -0.886613190 -0.017397342 0.462184250 40.137710571
0.411301911 0.074495129 0.908449948 3.133150101 -0.050564460 0.996984720 -0.058862068 -0.148976564 -0.910095632 -0.021725193 0.413828552 40.260566711
0.361098588 0.074373148 0.929557204 3.458919525 -0.053527497 0.996824145 -0.058961675 -0.163080812 -0.930990219 -0.028465882 0.363932788 40.372894287
0.311623156 0.074911267 0.947248280 3.793748856 -0.051162437 0.996764243 -0.061995856 -0.176418662 -0.948827326 -0.029144185 0.314447463 40.466503143
0.263782680 0.072257698 0.961872041 4.150102615 -0.040165417 0.997148156 -0.063892797 -0.193214655 -0.963745654 -0.021780167 0.265932620 40.548019409
0.219855130 0.066248439 0.973280549 4.516836166 -0.027414823 0.997716963 -0.061719000 -0.217029810 -0.975147367 -0.013113065 0.221169412 40.596641541
0.177212715 0.064588696 0.982051015 4.895957947 -0.017854642 0.997890949 -0.062408581 -0.243180156 -0.984010696 -0.006474569 0.177992165 40.644691467
0.139039397 0.066611752 0.988043964 5.283983231 -0.015183721 0.997761250 -0.065130182 -0.256840348 -0.990170419 -0.005946523 0.139739513 40.681999207
0.108011782 0.066603392 0.991916120 5.616941452 -0.006286040 0.997779071 -0.066312574 -0.282221556 -0.994129837 0.000927322 0.108190596 40.664703369
0.078864396 0.064772800 0.994778872 6.015151978 0.000749234 0.997882724 -0.065034300 -0.308256030 -0.996885180 0.005874215 0.078648865 40.680988312
0.054101586 0.063003309 0.996545851 6.427917480 0.007808626 0.997950256 -0.063516028 -0.331589580 -0.998504937 0.011217976 0.053498685 40.687644958
0.034127951 0.062060528 0.997488737 6.854557037 0.012751350 0.997961879 -0.062526233 -0.351645827 -0.999336123 0.014853222 0.033267021 40.695278168
0.018485308 0.064257592 0.997762263 7.260425568 0.015839782 0.997788548 -0.064552762 -0.367598534 -0.999703825 0.016997620 0.017426610 40.686706543
0.004945040 0.063990884 0.997938275 7.692871094 0.016484404 0.997809589 -0.064064324 -0.391811728 -0.999851942 0.016767222 0.003879368 40.685214996
-0.006637692 0.064758740 0.997879028 8.133228302 0.017187305 0.997760832 -0.064636759 -0.417259574 -0.999830365 0.016721824 -0.007735848 40.680213928
-0.015507817 0.067645639 0.997589052 8.579124451 0.022101121 0.997488320 -0.067295253 -0.445358038 -0.999635637 0.021004241 -0.016963840 40.665855408
-0.022062898 0.069678910 0.997325659 9.046661377 0.026295111 0.997263610 -0.069092892 -0.467640877 -0.999410868 0.024700409 -0.023834705 40.644100189
-0.026821256 0.068979383 0.997257531 9.505210876 0.026762169 0.997308314 -0.068263143 -0.492406487 -0.999282062 0.024857875 -0.028595090 40.633098602
-0.030645728 0.066309713 0.997328460 9.975585938 0.024681965 0.997542977 -0.065565556 -0.514776826 -0.999225676 0.022606729 -0.032207012 40.625926971
-0.032900453 0.059458356 0.997688472 10.476781845 0.022016067 0.998029768 -0.058752682 -0.541722417 -0.999216139 0.020032186 -0.034144640 40.608367920
-0.033855081 0.053944513 0.997969985 10.970298767 0.023275517 0.998313963 -0.053173520 -0.563042283 -0.999155879 0.021428078 -0.035053611 40.588653564
-0.034398794 0.051417235 0.998084664 11.468433380 0.026440475 0.998372972 -0.050520819 -0.587067604 -0.999058366 0.024651978 -0.035702348 40.570510864
-0.034428239 0.053337753 0.997982919 11.975528717 0.029108651 0.998204708 -0.052345429 -0.618291497 -0.998983204 0.027247775 -0.035919070 40.555397034
-0.033358097 0.061005861 0.997579932 12.480411530 0.030432554 0.997734487 -0.059997685 -0.638763189 -0.998980165 0.028357498 -0.035139084 40.541316986
-0.031363368 0.069314957 0.997101784 12.999362946 0.031155866 0.997175455 -0.068340108 -0.660581470 -0.999022484 0.028922204 -0.033434272 40.516567230
-0.029087663 0.069943778 0.997126877 13.522563934 0.031904168 0.997105598 -0.069011606 -0.686384201 -0.999067724 0.029805126 -0.031234980 40.501796722
-0.027208567 0.065445356 0.997485280 14.058143616 0.031284265 0.997421503 -0.064587839 -0.717811346 -0.999140263 0.029448254 -0.029185772 40.493087769
-0.023960471 0.058923647 0.997974932 14.592350006 0.030907968 0.997827947 -0.058172900 -0.749822855 -0.999235094 0.029451530 -0.025729656 40.473030090
-0.021381259 0.057283822 0.998129070 15.124767303 0.029337902 0.997963190 -0.056645863 -0.781733274 -0.999340951 0.028071860 -0.023018241 40.470230103
-0.018581867 0.062724881 0.997857869 15.677444458 0.036639117 0.997402549 -0.062013976 -0.813124657 -0.999155819 0.035408303 -0.020831704 40.459529877
-0.015237927 0.068299025 0.997548580 16.207504272 0.038368605 0.996969521 -0.067673288 -0.841798067 -0.999147534 0.037243344 -0.017812252 40.448867798
-0.012791038 0.068791091 0.997549117 16.739671707 0.032285318 0.997138977 -0.068348825 -0.871836066 -0.999396861 0.031331934 -0.014975429 40.450557709
-0.009278893 0.065163933 0.997831523 17.280858994 0.028095955 0.997497439 -0.064880855 -0.903714538 -0.999562204 0.027433014 -0.011086464 40.449829102
-0.004509568 0.061554343 0.998093545 17.824777603 0.031922534 0.997603834 -0.061379910 -0.940001369 -0.999480188 0.031584881 -0.006463766 40.442779541
-0.001403332 0.062510863 0.998043418 18.357995987 0.036560494 0.997380257 -0.062417939 -0.973598003 -0.999330521 0.036401376 -0.003684998 40.442893982
0.001657784 0.066989712 0.997752309 18.892839432 0.036515877 0.997084200 -0.067005523 -1.004366636 -0.999331713 0.036544882 -0.000793219 40.441833496
0.005614758 0.067839660 0.997680485 19.432416916 0.032664008 0.997151315 -0.067987509 -1.035544753 -0.999450624 0.032969981 0.003382862 40.449298859
0.009249806 0.067773983 0.997657776 19.977497101 0.032262877 0.997160852 -0.068039350 -1.063542128 -0.999436617 0.032816656 0.007036984 40.456237793
0.012403131 0.064890102 0.997815430 20.514600754 0.036209136 0.997208476 -0.065300733 -1.095205426 -0.999267399 0.036939971 0.010018885 40.468505859
0.015844285 0.064953133 0.997762620 21.060058594 0.040613342 0.997022450 -0.065549888 -1.134438515 -0.999049366 0.041561067 0.013159156 40.485092163
0.019338965 0.066041350 0.997629404 21.599262238 0.043767247 0.996803641 -0.066835113 -1.167625189 -0.998854518 0.044956021 0.016386747 40.495342255
0.022072971 0.065683275 0.997596443 22.134498596 0.043861534 0.996815085 -0.066602327 -1.204675674 -0.998793781 0.045226220 0.019121706 40.499511719
0.025672495 0.064432457 0.997591794 22.676483154 0.045258921 0.996822536 -0.065547489 -1.233696222 -0.998645365 0.046832696 0.022674799 40.512306213
0.029475033 0.063965529 0.997516870 23.221622467 0.047221191 0.996747017 -0.065311491 -1.261774182 -0.998449683 0.049028996 0.026358604 40.526313782
0.032051802 0.063770659 0.997449934 23.770608902 0.045236915 0.996847272 -0.065185778 -1.301177263 -0.998462141 0.047210880 0.029065967 40.549896240
0.034942031 0.065577373 0.997235537 24.324579239 0.043093760 0.996817887 -0.067059875 -1.333251476 -0.998459816 0.045317844 0.032004893 40.580741882
0.037781119 0.066247612 0.997087717 24.872629166 0.044589683 0.996694446 -0.067911059 -1.359945297 -0.998290777 0.047025584 0.034702301 40.601158142
0.040999770 0.065257601 0.997025788 25.419218063 0.042585168 0.996843994 -0.066996887 -1.396723270 -0.998251259 0.045205370 0.038091362 40.615097046
0.043219030 0.065498225 0.996916413 25.974540710 0.041097075 0.996887505 -0.067278013 -1.429338455 -0.998220086 0.043878045 0.040392756 40.647232056
0.046136558 0.065865196 0.996761441 26.524280548 0.037822701 0.996993184 -0.067631200 -1.464011431 -0.998218894 0.040820476 0.043506622 40.673542023
0.049065888 0.067688376 0.996499300 27.069940567 0.036281705 0.996921718 -0.069503516 -1.500126123 -0.998136401 0.039564945 0.046458960 40.710922241
0.052298546 0.070630141 0.996130645 27.630187988 0.035335295 0.996740222 -0.072528519 -1.542115688 -0.998006165 0.038991705 0.049632311 40.743797302
0.055807352 0.072845355 0.995780706 28.179660797 0.036199592 0.996531606 -0.074929059 -1.575468183 -0.997785211 0.040228449 0.052976847 40.769611359
0.058858097 0.075358614 0.995417953 28.748035431 0.029550074 0.996578097 -0.077193715 -1.609344363 -0.997828960 0.033958144 0.056429803 40.807888031
0.061883807 0.074246027 0.995318115 29.312429428 0.026017137 0.996770442 -0.075971991 -1.648068190 -0.997744262 0.030596770 0.059752285 40.847579956
0.065332532 0.074763492 0.995058835 29.870594025 0.028258145 0.996650755 -0.076738447 -1.688344717 -0.997463405 0.033132039 0.063001037 40.888809204
0.068747997 0.076001532 0.994734943 30.430068970 0.027361380 0.996575236 -0.078033134 -1.729481339 -0.997258842 0.032581944 0.066433072 40.932853699
0.072299957 0.077729553 0.994349539 31.000373840 0.023715694 0.996542692 -0.079625383 -1.761507869 -0.997101009 0.029338602 0.070206583 40.987205505
0.076506972 0.075117402 0.994235456 31.566810608 0.022835830 0.996764481 -0.077065714 -1.805848718 -0.996807516 0.028600262 0.074544072 41.031539917
0.081650615 0.075202078 0.993819833 32.142234802 0.023326354 0.996731937 -0.077338889 -1.847955823 -0.996388078 0.029496966 0.079629600 41.077075958
0.086317718 0.078492194 0.993170798 32.704669952 0.019769978 0.996560276 -0.080478303 -1.890898585 -0.996071517 0.026581667 0.084469020 41.139011383
0.092312574 0.087058157 0.991917014 33.273128510 0.017815631 0.995866656 -0.089062825 -1.935222149 -0.995570779 0.025893252 0.090380013 41.203468323
0.099850357 0.092133403 0.990727842 33.856033325 0.016860157 0.995404124 -0.094267547 -1.976939797 -0.994859755 0.026116487 0.097838104 41.250915527
0.107105553 0.095196277 0.989679933 34.435527802 0.012655713 0.995194495 -0.097096369 -2.023859978 -0.994167209 0.022924673 0.105386078 41.324211121
0.114511013 0.093998596 0.988964915 35.014358521 0.008751083 0.995379269 -0.095621541 -2.068855524 -0.993383527 0.019604240 0.113159299 41.392902374
0.121879876 0.091779955 0.988292396 35.583194733 0.008919850 0.995574057 -0.093556218 -2.122657776 -0.992504895 0.020218052 0.120521784 41.466297150
0.129364073 0.088307247 0.987657309 36.151451111 0.009402011 0.995872676 -0.090273276 -2.164744377 -0.991552711 0.020964090 0.127999902 41.534004211
0.136903584 0.082452804 0.987146854 36.761093140 0.006681047 0.996430278 -0.084154785 -2.228350163 -0.990561843 0.018116262 0.135864019 41.629451752
0.143642604 0.074939728 0.986788213 37.348258972 0.004365448 0.997071028 -0.076356098 -2.271897554 -0.989620030 0.015275765 0.142894745 41.729248047
0.150997639 0.072644666 0.985861182 37.940849304 0.004298020 0.997238457 -0.074141309 -2.314879894 -0.988524675 0.015432404 0.150268435 41.829277039
0.159061432 0.073938541 0.984496176 38.514076233 0.004296705 0.997130334 -0.075581618 -2.361884832 -0.987259448 0.016252214 0.158287287 41.910411835
0.164365947 0.080696985 0.983093143 39.091579437 0.005144894 0.996564269 -0.082662962 -2.406317234 -0.986386180 0.018644899 0.163386047 42.019554138
0.169498205 0.084658511 0.981887698 39.643524170 0.002576619 0.996262193 -0.086342677 -2.451009274 -0.985527158 0.017164893 0.168646514 42.117244720
0.174517870 0.087659881 0.980744302 40.199279785 0.001172535 0.996010065 -0.089233011 -2.498434782 -0.984653413 0.016722724 0.173718810 42.221172333
0.179948688 0.087134577 0.979809225 40.753601074 -0.001010299 0.996084869 -0.088396430 -2.545538902 -0.983675539 0.014916927 0.179332197 42.325775146
0.185112119 0.084292315 0.979095757 41.309894562 0.003436603 0.996252954 -0.086419158 -2.591343403 -0.982711494 0.019362003 0.184128821 42.432060242
0.189674258 0.077236503 0.978804469 41.861431122 0.003572095 0.996840239 -0.079351902 -2.637035847 -0.981840611 0.018547401 0.188799024 42.540073395
0.193308234 0.071554154 0.978525400 42.393688202 0.001163643 0.997319639 -0.073158361 -2.678580999 -0.981137395 0.015280768 0.192706823 42.648761749
0.195943654 0.068059631 0.978250504 42.926261902 -0.002348080 0.997618258 -0.068936780 -2.719669819 -0.980612397 0.011210721 0.195636749 42.763599396
0.199200571 0.068118885 0.977588415 43.448860168 -0.004124533 0.997630537 -0.068674996 -2.757817507 -0.979950190 0.009648008 0.199009538 42.873275757
0.201279163 0.069955736 0.977032781 43.963775635 -0.006066695 0.997516394 -0.070172578 -2.795659065 -0.979515195 0.008196924 0.201203704 42.982757568
0.202469051 0.074685328 0.976436496 44.468231201 -0.009975478 0.997193158 -0.074204482 -2.831210375 -0.979237795 0.005283684 0.202645779 43.098621368
0.204630256 0.079275832 0.975623906 44.972400665 -0.012126330 0.996843755 -0.078456677 -2.869377851 -0.978764355 0.004223891 0.204945743 43.210151672
0.206182361 0.084369004 0.974869668 45.474117279 -0.011921458 0.996418655 -0.083712578 -2.906814575 -0.978441060 0.005638201 0.206449747 43.326534271
0.208102167 0.086101271 0.974310100 45.973899841 -0.010310002 0.996255696 -0.085838541 -2.943443060 -0.978052795 0.007818047 0.208210707 43.435890198
0.209810317 0.085537665 0.973993301 46.457916260 -0.013084523 0.996322274 -0.084680066 -2.988636494 -0.977654576 0.005022511 0.210157931 43.539749146
0.210286558 0.083097726 0.974101841 46.929752350 -0.013047054 0.996530890 -0.082194522 -3.025676727 -0.977552712 0.004575241 0.210641205 43.645450592
0.211079895 0.080360264 0.974159896 47.403503418 -0.012647249 0.996755898 -0.079483859 -3.064350367 -0.977387011 0.004457004 0.211411476 43.747989655
0.211230934 0.079430655 0.974203467 47.870292664 -0.012133971 0.996828854 -0.078644462 -3.100743771 -0.977360964 0.004791193 0.211524904 43.847530365
0.209349394 0.078730889 0.974666297 48.326950073 -0.012099281 0.996885657 -0.077926904 -3.136091232 -0.977766097 0.004521195 0.209650040 43.951725006
0.208143950 0.079551935 0.974857748 48.788002014 -0.013780888 0.996826530 -0.078402281 -3.174800873 -0.978001177 0.002884563 0.208579719 44.051689148
0.205420434 0.082262307 0.975210428 49.218910217 -0.014779136 0.996608257 -0.080954179 -3.216805458 -0.978562236 0.002216876 0.205939472 44.146800995
0.203287542 0.085814536 0.975351274 49.651840210 -0.012609523 0.996298671 -0.085029423 -3.254112244 -0.979037941 0.004986711 0.203617156 44.235660553
0.201668799 0.086588465 0.975618839 50.089225769 -0.010397807 0.996217787 -0.086267352 -3.287130833 -0.979398608 0.007253133 0.201806366 44.324600220
0.199494362 0.086105749 0.976108491 50.517158508 -0.011379305 0.996268153 -0.085558429 -3.317280293 -0.979832947 0.005960993 0.199729681 44.416213989
0.196693480 0.083302222 0.976919949 50.942687988 -0.011385128 0.996511102 -0.082680479 -3.349559307 -0.980399072 0.005140360 0.196955621 44.508178711
0.194710255 0.079088748 0.977667153 51.354839325 -0.011357557 0.996858895 -0.078379333 -3.389741182 -0.980795085 0.004157353 0.194996893 44.587234497
0.193068326 0.078091897 0.978072882 51.762374878 -0.007741459 0.996917963 -0.078068405 -3.424413204 -0.981154919 0.007500838 0.193077862 44.664371490
0.191270053 0.079486005 0.978313804 52.163459778 -0.003650725 0.996766329 -0.080271497 -3.453118801 -0.981530786 0.011781987 0.190941751 44.739650726
0.188140154 0.081533715 0.978752136 52.562145233 0.000103615 0.996546566 -0.083035983 -3.484754086 -0.982142329 0.015723825 0.187481940 44.827362061
0.186562300 0.083255708 0.978909075 52.957599640 -0.000281371 0.996407270 -0.084690295 -3.518231153 -0.982443035 0.015524581 0.185915470 44.903118134
0.185700893 0.085827015 0.978850842 53.351337433 -0.000631385 0.996188223 -0.087227404 -3.550668716 -0.982606173 0.015580181 0.185047209 44.968254089
0.184310615 0.084214196 0.979253590 53.751739502 0.000988510 0.996306121 -0.085866742 -3.585066080 -0.982867539 0.016794153 0.183546543 45.046783447
0.185001731 0.082824521 0.979241908 54.153308868 0.007123753 0.996302962 -0.085613400 -3.613430023 -0.982712448 0.022814516 0.183727741 45.118911743
0.187238097 0.080961831 0.978972495 54.557884216 0.011788897 0.996340752 -0.084652945 -3.645072937 -0.982243836 0.027391266 0.185598493 45.191104889
0.189003110 0.080668315 0.978657484 54.959892273 0.014425837 0.996284425 -0.084907249 -3.671244383 -0.981870532 0.030165685 0.187137187 45.274417877
0.192012846 0.080059230 0.978121519 55.351211548 0.012007579 0.996400774 -0.083912574 -3.707554102 -0.981319070 0.027857175 0.190360427 45.361442566
0.197516680 0.080830246 0.976961434 55.748451233 0.011054773 0.996347785 -0.084669203 -3.738931894 -0.980237186 0.027523668 0.195901752 45.446208954
0.204919100 0.079462022 0.975547969 56.153675079 0.011912625 0.996422768 -0.083664656 -3.771345377 -0.978706419 0.028765824 0.203239441 45.514221191
0.212208271 0.079782560 0.973962307 56.564289093 0.010279413 0.996424317 -0.083862245 -3.798931122 -0.977170467 0.027808031 0.210629344 45.613460541
0.220548987 0.077921703 0.972258389 56.982433319 0.010582030 0.996553957 -0.082269326 -3.829151869 -0.975318491 0.028432889 0.218964398 45.717685699
0.229383409 0.077325746 0.970259666 57.399581909 0.007273391 0.996675313 -0.081150495 -3.865207911 -0.973308921 0.025671648 0.228058338 45.823421478
0.239089429 0.077484965 0.967901051 57.824111938 0.005664509 0.996682703 -0.081188314 -3.897980213 -0.970981061 0.024893956 0.237857342 45.934864044
0.249096513 0.080610521 0.965118110 58.251171112 0.000776201 0.996513069 -0.083433099 -3.933078051 -0.968478382 0.021532021 0.248165369 46.052806854
0.258191407 0.083237439 0.962501407 58.678718567 -0.003066275 0.996347010 -0.085341901 -3.961991787 -0.966089010 0.019083265 0.257503510 46.180343628
0.268897176 0.085781589 0.959341347 59.097381592 -0.006623369 0.996167243 -0.087217972 -3.992797375 -0.963146150 0.017098594 0.268434703 46.300521851
0.278706968 0.087443322 0.956387043 59.540493011 -0.007774815 0.996019006 -0.088801205 -4.028994560 -0.960344791 0.017313790 0.278277338 46.445121765
0.288514137 0.088155627 0.953408837 59.991531372 -0.010874644 0.995989919 -0.088802032 -4.066681862 -0.957414031 0.015252672 0.288315833 46.589832306
0.299000025 0.088434063 0.950146556 60.453544617 -0.011429049 0.995957017 -0.089101240 -4.102072239 -0.954184651 0.015782002 0.298801899 46.741157532
0.309457064 0.089876190 0.946656644 60.914703369 -0.016266521 0.995878041 -0.089231864 -4.134313107 -0.950774372 0.012214623 0.309643447 46.900466919
0.319673777 0.084864356 0.943719745 61.389991760 -0.015749633 0.996319354 -0.084259406 -4.170967102 -0.947396874 0.012072291 0.319833755 47.068038940
0.330681324 0.077924222 0.940519989 61.873874664 -0.012308113 0.996856630 -0.078264385 -4.208183765 -0.943662345 0.014304552 0.330600977 47.236110687
0.341591418 0.073677868 0.936956167 62.352172852 -0.010596458 0.997161031 -0.074548885 -4.242752552 -0.939788818 0.015536839 0.341402411 47.415699005
0.351966083 0.070121966 0.933382392 62.843917847 -0.011588523 0.997439921 -0.070564508 -4.280763626 -0.935940981 0.014019791 0.351877630 47.606071472
0.361290753 0.068231203 0.929953516 63.339889526 -0.005298480 0.997453332 -0.071125224 -4.306388378 -0.932438195 0.020769540 0.360732138 47.800525665
0.369816720 0.062945023 0.926970124 63.846183777 0.001268748 0.997667313 -0.068251818 -4.333718300 -0.929103851 0.026416754 0.368874192 48.000701904
0.376887262 0.053463817 0.924714983 64.361923218 0.010859983 0.998009145 -0.062127657 -4.365190506 -0.926195562 0.033457518 0.375556350 48.205223083
0.383716702 0.049173541 0.922140777 64.876777649 0.015860265 0.998082995 -0.059822902 -4.396104813 -0.923314750 0.037580445 0.382201195 48.418300629
0.391111910 0.048942283 0.919040918 65.397712708 0.017963490 0.997988820 -0.060791191 -4.433756828 -0.920167804 0.040285338 0.389446139 48.639392853
0.398449004 0.055390343 0.915516436 65.907318115 0.020047782 0.997410357 -0.069070227 -4.464013100 -0.916971385 0.045875043 0.396306694 48.862331390
0.405605614 0.059544377 0.912106574 66.419219971 0.023916088 0.996842921 -0.075711422 -4.497529984 -0.913735211 0.052522998 0.402901053 49.089469910
0.410760343 0.061530747 0.909664869 66.937278748 0.022018252 0.996759713 -0.077364333 -4.537936687 -0.911477566 0.051807430 0.408074558 49.325023651
0.414845705 0.063204452 0.907693923 67.432525635 0.014673805 0.996990025 -0.076128721 -4.577953815 -0.909773409 0.044900995 0.412669599 49.568180084
0.418481112 0.067456424 0.905717015 67.929161072 0.007434707 0.996950090 -0.077686489 -4.617021561 -0.908195138 0.039244074 0.416703284 49.814350128
0.423545778 0.069927767 0.903171778 68.440063477 0.007168926 0.996726155 -0.080533087 -4.664718628 -0.905846477 0.040584225 0.421657860 50.041481018
0.426770627 0.074522257 0.901284337 68.907890320 0.003502604 0.996455371 -0.084049977 -4.704370499 -0.904353261 0.039026916 0.424996853 50.284904480
0.430635631 0.077044874 0.899231493 69.386955261 0.001234662 0.996298432 -0.085952722 -4.749743462 -0.902525127 0.038124554 0.428946495 50.508129120
0.434936106 0.075831339 0.897262692 69.883232117 0.000006493 0.996447444 -0.084216997 -4.786746502 -0.900461435 0.036634844 0.433390439 50.750377655
0.438832998 0.072748944 0.895618916 70.351783752 0.000861455 0.996682763 -0.081380218 -4.827139854 -0.898568273 0.036483858 0.437314630 50.984901428
0.442482948 0.069862172 0.894051611 70.823913574 0.000482582 0.996942222 -0.078141004 -4.873156548 -0.896776855 0.035007525 0.441096246 51.222240448
0.445558906 0.068946347 0.892593741 71.267929077 -0.000858005 0.997062504 -0.076587506 -4.916879177 -0.895252228 0.033358403 0.444309235 51.455696106
0.449191332 0.070789672 0.890626729 71.723930359 -0.002986282 0.996969521 -0.077735975 -4.954868793 -0.893430650 0.032258667 0.448041499 51.688510895
0.452258646 0.071162909 0.889043391 72.151702881 -0.002237577 0.996899128 -0.078657895 -4.993521690 -0.891884148 0.033584420 0.451015472 51.891090393
0.454068899 0.069866553 0.888222992 72.600967407 -0.000780668 0.996951520 -0.078019924 -5.031576157 -0.890966237 0.034733012 0.452739179 52.135089874
0.456065774 0.068528041 0.887303770 73.031204224 0.001208603 0.996982276 -0.077619925 -5.067725658 -0.889945328 0.036472194 0.454606712 52.351047516
0.457668424 0.068835735 0.886454344 73.454231262 -0.000946242 0.997035742 -0.076934166 -5.108609200 -0.889122486 0.034371540 0.456376910 52.578598022
0.459409058 0.067757905 0.885636628 73.863616943 0.001019757 0.997045219 -0.076810487 -5.144094467 -0.888224304 0.036190577 0.457982481 52.795875549
0.462273121 0.069666967 0.883996665 74.270675659 0.001083113 0.996863842 -0.079128332 -5.170367241 -0.886736929 0.037536383 0.460747957 53.010711670
0.464713097 0.069445133 0.882733941 74.663070679 0.003610626 0.996762872 -0.080316655 -5.212425232 -0.885454059 0.040511429 0.462957978 53.222312927
0.468021691 0.068808049 0.881034136 75.070404053 0.005397979 0.996722937 -0.080710761 -5.249042511 -0.883700490 0.042530194 0.466116488 53.443889618
0.471533835 0.066788867 0.879315257 75.438110352 0.008743897 0.996724665 -0.080395713 -5.283062935 -0.881804705 0.045597944 0.469405413 53.620532990
0.474371076 0.065607019 0.877876878 75.818489075 0.010127345 0.996746361 -0.079963014 -5.317626476 -0.880266786 0.046822712 0.472163260 53.831611633
0.477289498 0.065153517 0.876327515 76.191154480 0.011112548 0.996720314 -0.080156952 -5.352221966 -0.878675938 0.047996297 0.475000083 54.041999817
0.480793357 0.064310513 0.874472499 76.560424805 0.011474483 0.996759832 -0.079612575 -5.387415886 -0.876758933 0.048311315 0.478497565 54.246177673
0.483866334 0.063629739 0.872825742 76.923416138 0.013119409 0.996713817 -0.079934269 -5.422341824 -0.875043631 0.050128460 0.481441438 54.454975128
0.487919927 0.064878650 0.870474041 77.286193848 0.012774594 0.996596456 -0.081439324 -5.455993176 -0.872795045 0.050855823 0.485430479 54.662899017
0.492915571 0.065474540 0.867610157 77.651824951 0.014854796 0.996385992 -0.083632119 -5.482495785 -0.869950354 0.054111741 0.490161538 54.852504730
0.498085797 0.068951942 0.864381969 78.010185242 0.012743657 0.996143758 -0.086805932 -5.514602661 -0.867034137 0.054252185 0.495286345 55.059928894
0.503232598 0.074792251 0.860908329 78.357070923 0.008767139 0.995754361 -0.091631860 -5.551997662 -0.864106596 0.053659853 0.500440359 55.270095825
0.509294152 0.081761047 0.856699824 78.703849792 0.004206885 0.995228350 -0.097482733 -5.581977367 -0.860582232 0.053251423 0.506519973 55.484283447
0.514977276 0.087951720 0.852679849 79.049850464 -0.001895007 0.994836748 -0.101470344 -5.627151489 -0.857201695 0.050639085 0.512485027 55.706912994
0.521114230 0.092496678 0.848460019 79.389778137 -0.004722863 0.994407356 -0.105506718 -5.657077312 -0.853473961 0.050973892 0.518636644 55.931453705
0.526736677 0.092906088 0.844936073 79.744895935 -0.008954301 0.994560361 -0.103776082 -5.692909718 -0.849981368 0.047096863 0.524703383 56.159416199
0.531969666 0.092094794 0.841740370 80.099678040 -0.015230440 0.994947791 -0.099231765 -5.729733467 -0.846626401 0.039968219 0.530684710 56.402164459
0.537717998 0.089982986 0.838309348 80.459152222 -0.021634527 0.995433688 -0.092971444 -5.765661716 -0.842847168 0.031856000 0.537209392 56.646827698
0.543601513 0.088231504 0.834693134 80.817054749 -0.028342007 0.995822012 -0.086805701 -5.806012154 -0.838864744 0.023530841 0.543831050 56.893035889
0.549543500 0.086497024 0.830975533 81.183387756 -0.031314608 0.996059775 -0.082971737 -5.841319084 -0.834878087 0.019574914 0.550086856 57.148418427
0.555721998 0.090174064 0.826463342 81.554367065 -0.036280349 0.995783687 -0.084253065 -5.873491287 -0.830576181 0.016836904 0.556650519 57.413860321
0.561688006 0.094051264 0.821985960 81.926994324 -0.040246837 0.995447516 -0.086396769 -5.908480644 -0.826369643 0.015445694 0.562916160 57.681938171
0.568242192 0.097376667 0.817079365 82.309989929 -0.042840026 0.995127559 -0.088802516 -5.940919876 -0.821745455 0.015457641 0.569645107 57.952503204
0.574380338 0.099712200 0.812492967 82.691352844 -0.045334734 0.994904935 -0.090049744 -5.975124359 -0.817332268 0.014888655 0.575974226 58.237148285
