1.000000000 0.000000000 0.000000000 0.000000000 0.000000000 1.000000000 0.000000000 0.000000000 0.000000000 0.000000000 1.000000000 0.000000000
0.999998510 0.000901520 0.001489500 -0.005083317 -0.000894822 0.999989510 -0.004491396 -0.002970263 -0.001493534 0.004490057 0.999988794 0.692804396
0.999996960 -0.001333451 0.002085181 0.000169767 0.001345072 0.999983549 -0.005581226 0.002089661 -0.002077704 0.005584014 0.999982238 1.387520313
0.999993682 -0.002648447 0.002369730 0.000507720 0.002651809 0.999995470 -0.001416961 0.001046036 -0.002365966 0.001423236 0.999996185 2.079873562
0.999984860 -0.005252271 0.001636095 0.003261946 0.005244893 0.999976218 0.004481599 0.001877378 -0.001659594 -0.004472950 0.999988616 2.766801596
0.999961734 -0.008747297 0.000021256 0.005577907 0.008747111 0.999951422 0.004546120 0.004452354 -0.000061022 -0.004545760 0.999989688 3.450288773
0.999936104 -0.011280606 -0.000745615 0.005015366 0.011281854 0.999934912 0.001690791 0.006948244 0.000726494 -0.001699095 0.999998271 4.124588490
0.999925375 -0.012166102 -0.001120226 -0.003871463 0.012164054 0.999924362 -0.001818364 0.007390526 0.001142264 0.001804602 0.999997735 4.809459209
0.999930263 -0.011687052 -0.001689091 -0.009439981 0.011682644 0.999928355 -0.002597326 0.009212108 0.001719325 0.002577412 0.999995172 5.476322651
0.999929428 -0.011545218 -0.002796841 -0.013239994 0.011543839 0.999933243 -0.000508763 0.007711770 0.002802528 0.000476441 0.999995947 6.149662018
0.999932230 -0.011131587 -0.003407617 -0.023648927 0.011138915 0.999935687 0.002138895 0.011779676 0.003383589 -0.002176707 0.999991894 6.830307961
0.999919116 -0.011765163 -0.004826873 -0.023245696 0.011783106 0.999923706 0.003705878 0.013538766 0.004782904 -0.003762454 0.999981463 7.489242554
0.999901831 -0.013161811 -0.004804939 -0.034539372 0.013184925 0.999901474 0.004810771 0.015161648 0.004741147 -0.004873652 0.999976873 8.153411865
0.999886394 -0.013713438 -0.006260524 -0.033355642 0.013742900 0.999894559 0.004687500 0.018449632 0.006195582 -0.004773005 0.999969423 8.827824593
0.999880433 -0.014088928 -0.006372555 -0.046617687 0.014110711 0.999894679 0.003386422 0.022915896 0.006324172 -0.003475938 0.999973953 9.490718842
0.999873579 -0.013952347 -0.007623903 -0.060917191 0.013966853 0.999900758 0.001852750 0.016063606 0.007597296 -0.001958998 0.999969244 10.118326187
0.999854743 -0.014499453 -0.008959306 -0.065530814 0.014500677 0.999894857 0.000071605 0.021399444 0.008957326 -0.000201510 0.999959886 10.784420013
0.999841869 -0.014263560 -0.010618860 -0.077112570 0.014259114 0.999898195 -0.000494265 0.021370403 0.010624830 0.000342771 0.999943495 11.437350273
0.999834001 -0.012939384 -0.012827314 -0.082188129 0.012921518 0.999915421 -0.001474777 0.023274750 0.012845312 0.001308784 0.999916613 12.078891754
0.999835014 -0.011748699 -0.013851195 -0.105904378 0.011731753 0.999930322 -0.001304115 0.020841988 0.013865552 0.001141401 0.999903202 12.730205536
0.999805689 -0.011630014 -0.015916791 -0.110274576 0.011633163 0.999932349 0.000105364 0.015827216 0.015914489 -0.000290506 0.999873340 13.371080399
0.999793887 -0.011852996 -0.016483601 -0.136409029 0.011865668 0.999929368 0.000671182 0.023151325 0.016474482 -0.000866632 0.999863923 14.022585869
0.999769390 -0.011396481 -0.018202070 -0.139210716 0.011421459 0.999933958 0.001268947 0.022950713 0.018186405 -0.001476549 0.999833524 14.670557976
0.999719799 -0.012399510 -0.020163529 -0.150338784 0.012421973 0.999922335 0.000989176 0.025653310 0.020149697 -0.001239370 0.999796212 15.302893639
0.999690235 -0.012607970 -0.021457583 -0.170362845 0.012628817 0.999919891 0.000836339 0.023774356 0.021445319 -0.001107064 0.999769390 15.929717064
0.999658823 -0.011999814 -0.023198763 -0.183061674 0.012041485 0.999926150 0.001657373 0.020519568 0.023177160 -0.001936155 0.999729514 16.557710648
0.999643207 -0.012029853 -0.023849398 -0.202158898 0.012104664 0.999922276 0.002994946 0.025909301 0.023811515 -0.003282566 0.999711096 17.182966232
0.999614120 -0.013560360 -0.024243549 -0.221040800 0.013701472 0.999890089 0.005663957 0.030313136 0.024164077 -0.005993943 0.999690056 17.783647537
0.999586225 -0.013428925 -0.025437048 -0.233299613 0.013616219 0.999881327 0.007204182 0.032874104 0.025337284 -0.007547558 0.999650478 18.388751984
0.999582648 -0.012820738 -0.025887135 -0.255612016 0.012981889 0.999897301 0.006066700 0.035541713 0.025806699 -0.006400232 0.999646485 18.986217499
0.999584079 -0.011613918 -0.026396234 -0.275906324 0.011712773 0.999924958 0.003593487 0.035021428 0.026352517 -0.003901165 0.999645114 19.574773788
0.999558270 -0.011108565 -0.027565893 -0.290929973 0.011173771 0.999935150 0.002212509 0.035903320 0.027539525 -0.002519546 0.999617517 20.156026840
0.999541223 -0.010430697 -0.028434288 -0.312532723 0.010485534 0.999943435 0.001780129 0.038342390 0.028414112 -0.002077461 0.999594092 20.728656769
0.999502420 -0.010313477 -0.029809164 -0.327848434 0.010344785 0.999946117 0.000896226 0.040688347 0.029798312 -0.001204149 0.999555230 21.294689178
0.999445796 -0.010029972 -0.031741899 -0.350147903 0.010044359 0.999949515 0.000293841 0.038161915 0.031737346 -0.000612505 0.999496043 21.851181030
0.999387443 -0.009573754 -0.033661015 -0.371197551 0.009587409 0.999953985 0.000244283 0.040640786 0.033657126 -0.000566855 0.999433279 22.408008575
0.999293983 -0.010326654 -0.036122587 -0.391381979 0.010381252 0.999945223 0.001324213 0.042212430 0.036106933 -0.001698276 0.999346495 22.959749222
0.999238551 -0.010226028 -0.037652951 -0.415079147 0.010360794 0.999940574 0.003385765 0.044214364 0.037616093 -0.003773302 0.999285161 23.489675522
0.999149084 -0.009424539 -0.040153939 -0.437932819 0.009633048 0.999941111 0.005002398 0.043648183 0.040104430 -0.005384946 0.999180973 24.018373489
0.999095261 -0.008315669 -0.041707594 -0.467927009 0.008539014 0.999950111 0.005179713 0.048057865 0.041662443 -0.005531168 0.999116421 24.543085098
0.999032080 -0.004552205 -0.043750878 -0.492291868 0.004733217 0.999980688 0.004034628 0.051041834 0.043731663 -0.004237805 0.999034345 25.072050095
0.998972416 -0.003670264 -0.045174029 -0.518510222 0.003819171 0.999987543 0.003210441 0.055379078 0.045161683 -0.003379670 0.998973966 25.586868286
0.998907387 -0.003038071 -0.046635333 -0.549188673 0.003241684 0.999985516 0.004291055 0.058250815 0.046621624 -0.004437543 0.998902738 26.082256317
0.998872221 -0.001919929 -0.047439940 -0.578239918 0.002218111 0.999978125 0.006233608 0.058311380 0.047426932 -0.006331805 0.998854637 26.585775375
0.998858035 0.001001999 -0.047766186 -0.607516110 -0.000699205 0.999979556 0.006355384 0.068341829 0.047771581 -0.006314728 0.998838305 27.086751938
0.998907328 0.004892312 -0.046478532 -0.638077438 -0.004666392 0.999976754 0.004968004 0.062242556 0.046501756 -0.004745688 0.998906910 27.558568954
0.998969674 0.005580298 -0.045038540 -0.653854430 -0.005501165 0.999983072 0.001880774 0.060898986 0.045048270 -0.001631072 0.998983502 28.039819717
0.999079108 0.005509235 -0.042551380 -0.679130614 -0.005488903 0.999984741 0.000594624 0.060067963 0.042554010 -0.000360516 0.999094129 28.499391556
0.999183595 0.006666008 -0.039846316 -0.694620669 -0.006632290 0.999977529 0.000978330 0.064865790 0.039851941 -0.000713259 0.999205351 28.966888428
0.999249160 0.011852465 -0.036887463 -0.720550835 -0.011736100 0.999925435 0.003369555 0.068022206 0.036924649 -0.002934110 0.999313772 29.422882080
0.999313772 0.016337117 -0.033242550 -0.735377371 -0.016113272 0.999845743 0.006990521 0.067835063 0.033351626 -0.006450078 0.999422848 29.877460480
0.999349713 0.021538451 -0.028918760 -0.754361451 -0.021316111 0.999740958 0.007974872 0.070776358 0.029083034 -0.007353250 0.999549925 30.311889648
0.999403954 0.024944406 -0.023864739 -0.767423570 -0.024758819 0.999661088 0.008040722 0.074702889 0.024057221 -0.007445067 0.999682844 30.733093262
0.999427021 0.028661106 -0.018005390 -0.778358042 -0.028486565 0.999545395 0.009876684 0.081480965 0.018280283 -0.009358113 0.999789119 31.148683548
0.999377966 0.033378139 -0.011381526 -0.786453128 -0.033250123 0.999383688 0.011257182 0.082010053 0.011750256 -0.010871743 0.999871850 31.551645279
0.999321640 0.036556188 -0.004466745 -0.790852904 -0.036506098 0.999274790 0.010823584 0.082194261 0.004859174 -0.010653178 0.999931455 31.936359406
0.999187410 0.040178936 0.003193455 -0.795838177 -0.040211346 0.999132454 0.010832356 0.085332781 -0.002755452 -0.010951968 0.999936223 32.306457520
0.998989522 0.043769218 0.010209156 -0.789437771 -0.043876275 0.998981714 0.010509438 0.087053642 -0.009738769 -0.010946757 0.999892652 32.667282104
0.998677790 0.048255783 0.017722471 -0.786261618 -0.048396487 0.998799324 0.007597999 0.091600142 -0.017334545 -0.008445658 0.999814093 33.004673004
0.998398423 0.050416689 0.025666995 -0.779921055 -0.050555613 0.998709738 0.004792182 0.089117512 -0.025392273 -0.006082118 0.999659061 33.329421997
0.998134553 0.050991617 0.033574548 -0.768524528 -0.051167749 0.998680353 0.004407335 0.091441751 -0.033305507 -0.006117047 0.999426484 33.625011444
0.997865200 0.050052278 0.041949950 -0.754822135 -0.050339818 0.998715162 0.005825569 0.093446106 -0.041604467 -0.007924885 0.999102712 33.927330017
0.997429788 0.052093577 0.049194288 -0.732889473 -0.052471679 0.998601735 0.006425170 0.094254434 -0.048790794 -0.008989963 0.998768568 34.186901093
0.996789634 0.054969799 0.058212593 -0.720202863 -0.055457484 0.998437941 0.006794344 0.090815157 -0.057748176 -0.010000856 0.998281062 34.444450378
0.996019125 0.059332419 0.066524930 -0.702042520 -0.059854548 0.998189807 0.005881442 0.093866885 -0.066055544 -0.009839848 0.997767448 34.681213379
0.995069802 0.063717917 0.076000556 -0.693280101 -0.064362645 0.997908175 0.006061679 0.093878336 -0.075455338 -0.010923391 0.997089326 34.905715942
0.994364083 0.063044302 0.085237749 -0.668113291 -0.063830204 0.997939467 0.006523795 0.095170565 -0.084650822 -0.011927770 0.996339262 35.105957031
0.993455887 0.061835442 0.096030377 -0.643997133 -0.062572323 0.998029470 0.004678159 0.093830563 -0.095551871 -0.010656388 0.995367408 35.304775238
0.992314637 0.060406446 0.107994333 -0.625063062 -0.060800679 0.998149872 0.000358492 0.091810927 -0.107772872 -0.006921865 0.994151473 35.496147156
0.990743458 0.061399449 0.121068321 -0.593343914 -0.061412219 0.998105884 -0.003629361 0.090828285 -0.121061839 -0.003839308 0.992637515 35.683830261
0.988590300 0.063138008 0.136758029 -0.564418375 -0.062936008 0.998000681 -0.005804706 0.090630770 -0.136851102 -0.002868528 0.990587473 35.866085052
0.986142695 0.064752005 0.152740926 -0.528400660 -0.064420991 0.997897387 -0.007120363 0.087843955 -0.152880818 -0.002818026 0.988240600 36.056365967
0.983273268 0.065467015 0.169963852 -0.494272470 -0.065004870 0.997850537 -0.008288447 0.088189915 -0.170141146 -0.002898670 0.985415459 36.236240387
0.980138421 0.064278916 0.187608212 -0.444607496 -0.063615605 0.997928679 -0.009560744 0.084575176 -0.187834173 -0.002563957 0.982197404 36.413158417
0.976255417 0.063346282 0.207153484 -0.399423063 -0.062656492 0.997986078 -0.009895901 0.084565908 -0.207363173 -0.003318582 0.978258431 36.600078583
0.971730947 0.063727900 0.227327377 -0.347554147 -0.062834144 0.997961402 -0.011173794 0.082790434 -0.227576047 -0.003426001 0.973754287 36.777309418
0.966399074 0.066166922 0.248384416 -0.292652994 -0.064898252 0.997803211 -0.013301807 0.078513265 -0.248718917 -0.003264863 0.968570232 36.951492310
0.960146010 0.067560159 0.271210790 -0.234732658 -0.065812401 0.997710943 -0.015545082 0.076116651 -0.271640182 -0.002923484 0.962394416 37.121757507
0.952920258 0.068163387 0.295460314 -0.165445745 -0.066193305 0.997667432 -0.016677223 0.073015451 -0.295907885 -0.003665426 0.955209434 37.315341949
0.944282651 0.071416512 0.321294159 -0.094515979 -0.069446295 0.997430325 -0.017604006 0.069525421 -0.321725756 -0.005689531 0.946815789 37.482612610
0.934416473 0.073333204 0.348551422 -0.017310619 -0.071348831 0.997278988 -0.018545736 0.061978340 -0.348963052 -0.007539294 0.937106133 37.653236389
0.923531473 0.073912270 0.376333028 0.075669050 -0.071621157 0.997229397 -0.020096833 0.055811465 -0.376775771 -0.008393349 0.926266491 37.816978455
0.910882711 0.071965292 0.406341761 0.173304081 -0.068804756 0.997378528 -0.022403726 0.051823974 -0.406888872 -0.007551079 0.913446426 37.984081268
0.896096945 0.068991631 0.438463748 0.280560851 -0.064604074 0.997599304 -0.024938192 0.043710768 -0.439131677 -0.005979507 0.898402810 38.146324158
0.878802180 0.068238385 0.472281933 0.392740250 -0.061809767 0.997662604 -0.029135829 0.037184954 -0.473166227 -0.003587006 0.880965889 38.307201385
0.859536290 0.069602661 0.506312966 0.515976906 -0.060758464 0.997573614 -0.033990182 0.025871575 -0.507450223 -0.001546996 0.861679673 38.456062317
0.837651849 0.071712650 0.541476369 0.648293018 -0.060390886 0.997425258 -0.038674764 0.023959339 -0.542855740 -0.000304248 0.839825928 38.630920410
0.812791824 0.075502396 0.577640772 0.790355682 -0.062354561 0.997144639 -0.042596601 0.019362390 -0.579207540 -0.001396365 0.815178931 38.805511475
0.785389483 0.079447255 0.613882244 0.946695328 -0.065152347 0.996830463 -0.045652848 0.009134114 -0.615563571 -0.004140608 0.788076341 38.973636627
0.755520940 0.083758220 0.649748147 1.116472721 -0.068686441 0.996454597 -0.048583783 -0.000838876 -0.651513875 -0.007922817 0.758595407 39.141353607
0.722399712 0.084870793 0.686247468 1.301723003 -0.068423055 0.996342063 -0.051193692 -0.013444543 -0.688082099 -0.009972833 0.725564361 39.308006287
0.686096668 0.081879720 0.722888052 1.507108688 -0.064308271 0.996582448 -0.051845104 -0.032323241 -0.724662602 -0.010916924 0.689017415 39.466045380
0.646749496 0.080603689 0.758431435 1.717622757 -0.061587691 0.996671915 -0.053404465 -0.045334220 -0.760211945 -0.012170717 0.649561286 39.620529175
0.604104757 0.080124393 0.792866766 1.957198143 -0.059770435 0.996685803 -0.055181082 -0.062218785 -0.794660389 -0.014054824 0.606891632 39.780586243
0.557814956 0.080074795 0.826093554 2.220336914 -0.056117225 0.996695995 -0.058718778 -0.072926164 -0.828066111 -0.013603857 0.560465574 39.933959961
0.509575605 0.078835689 0.856806695 2.501039505 -0.053101696 0.996776938 -0.060132898 -0.091597319 -0.858785808 -0.014855631 0.512119532 40.079467773
0.460115492 0.077117667 0.884503603 2.783180237 -0.051082462 0.996869802 -0.060341693 -0.104477763 -0.886388421 -0.017418476 0.462614596 40.212337494
0.410089374 0.074637726 0.908986270 3.094144821 -0.050910171 0.996965230 -0.058893636 -0.129650950 -0.910623372 -0.022124991 0.412644684 40.334182739
0.359950840 0.074438684 0.929997027 3.420312881 -0.053761385 0.996810555 -0.058978476 -0.143703818 -0.931421101 -0.028768560 0.362804711 40.444538116
0.310299397 0.074899502 0.947683692 3.758792877 -0.051606853 0.996748507 -0.061879709 -0.159442902 -0.949237108 -0.029705726 0.313155830 40.541725159
0.262846112 0.072121121 0.962138534 4.109375000 -0.040275246 0.997153342 -0.063743033 -0.174946547 -0.963996887 -0.021995747 0.265002549 40.615795135
0.218939245 0.065933019 0.973508358 4.476329803 -0.026846809 0.997743726 -0.061536640 -0.200595975 -0.975369096 -0.012662804 0.220215321 40.663375854
0.177763641 0.064621389 0.981949210 4.856922150 -0.018050998 0.997887790 -0.062402505 -0.224694014 -0.983907700 -0.006632265 0.178554654 40.697555542
0.140530407 0.066326164 0.987852275 5.236042023 -0.014339037 0.997785270 -0.064953238 -0.238249660 -0.989972532 -0.005036943 0.141170263 40.721370697
0.109592915 0.066722870 0.991734743 5.622709274 -0.006855298 0.997771442 -0.066371463 -0.270007014 -0.993953109 0.000475220 0.109806120 40.721038818
0.078022957 0.065096930 0.994824052 5.999771118 0.001292266 0.997858524 -0.065396845 -0.289604664 -0.996950746 0.006388038 0.077771723 40.753005981
0.052898586 0.063553408 0.996575594 6.408494949 0.008489510 0.997908056 -0.064089015 -0.310398340 -0.998563886 0.011850661 0.052248359 40.762084961
0.033536673 0.062611923 0.997474492 6.826129913 0.013053175 0.997923195 -0.063078970 -0.329815745 -0.999352396 0.015135678 0.032649755 40.757099152
0.017200828 0.064272411 0.997784197 7.252674103 0.015510708 0.997794569 -0.064540476 -0.353723288 -0.999731839 0.016586494 0.016165972 40.765251160
0.003748953 0.064138845 0.997934163 7.684642792 0.016714683 0.997797549 -0.064192876 -0.376595140 -0.999853432 0.016920820 0.002668619 40.762649536
-0.007952690 0.064761162 0.997869134 8.137851715 0.017200472 0.997761905 -0.064617127 -0.404276967 -0.999820471 0.016649948 -0.009048820 40.755794525
-0.016719699 0.067885309 0.997553229 8.584884644 0.021996070 0.997475982 -0.067511402 -0.426407099 -0.999618411 0.020813486 -0.018170714 40.738048553
-0.023156166 0.069532834 0.997310936 9.041191101 0.026183134 0.997278333 -0.068922639 -0.454224110 -0.999388993 0.024516748 -0.024913669 40.723205566
-0.027488589 0.068976529 0.997239709 9.516185760 0.026398843 0.997318625 -0.068254337 -0.480592966 -0.999273658 0.024449762 -0.029235840 40.706371307
-0.031545043 0.066422284 0.997292995 10.011447906 0.024486069 0.997541308 -0.065664321 -0.503079891 -0.999202490 0.022348408 -0.033093929 40.699394226
-0.034021616 0.059599932 0.997642577 10.493469238 0.022660296 0.998009682 -0.058849111 -0.527990103 -0.999164283 0.020604735 -0.035304546 40.686645508
-0.035165071 0.053962138 0.997923613 10.987915039 0.023566213 0.998308301 -0.053152509 -0.553767920 -0.999103665 0.021648169 -0.036377311 40.670764923
-0.035609484 0.051471196 0.998039484 11.493156433 0.026906401 0.998360157 -0.050527733 -0.575481296 -0.999003530 0.025054384 -0.036936045 40.651481628
-0.035257936 0.053663876 0.997936487 12.009075165 0.029406283 0.998180568 -0.052638061 -0.601345539 -0.998945594 0.027489692 -0.036771894 40.627182007
-0.034549713 0.060994901 0.997540057 12.527591705 0.030902736 0.997723758 -0.059935827 -0.630890489 -0.998925149 0.028755952 -0.036355972 40.613128662
-0.032790303 0.069301575 0.997056842 13.040775299 0.031630531 0.997165442 -0.068268903 -0.651719928 -0.998961687 0.029298881 -0.034889340 40.601451874
-0.030310750 0.069841184 0.997097611 13.566165924 0.032711081 0.997090876 -0.068846330 -0.678938985 -0.999005198 0.030529361 -0.032507181 40.582542419
-0.027916431 0.065271951 0.997477114 14.112575531 0.031998128 0.997412801 -0.064372227 -0.711133838 -0.999098122 0.030120362 -0.029932857 40.567245483
-0.025590777 0.058747385 0.997944832 14.648220062 0.031781036 0.997814953 -0.057924762 -0.743112564 -0.999167204 0.030233378 -0.027401924 40.558536530
-0.022800922 0.057207793 0.998101950 15.191711426 0.029593060 0.997962594 -0.056523778 -0.776354671 -0.999302030 0.028248101 -0.024447322 40.553234100
-0.019402385 0.062327486 0.997867167 15.738235474 0.037640963 0.997393012 -0.061565988 -0.811806440 -0.999103010 0.036366157 -0.021697879 40.543758392
-0.016067743 0.068389058 0.997529507 16.270763397 0.039156042 0.996935844 -0.067717671 -0.836552382 -0.999104142 0.037971243 -0.018696308 40.532279968
-0.013688564 0.068672135 0.997545481 16.798681259 0.033434626 0.997112393 -0.068183534 -0.868823528 -0.999347329 0.032419227 -0.015945077 40.532863617
-0.010375500 0.065067120 0.997827113 17.346202850 0.029313371 0.997471571 -0.064739145 -0.899094462 -0.999516547 0.028577982 -0.012256622 40.534217834
-0.005755663 0.061288692 0.998103678 17.881454468 0.033541285 0.997570217 -0.061062533 -0.935344815 -0.999420941 0.033126231 -0.007797360 40.529701233
-0.002127290 0.062139638 0.998065174 18.431285858 0.037617445 0.997366011 -0.062015925 -0.975231290 -0.999289930 0.037412737 -0.004459262 40.527053833
0.001306295 0.066138968 0.997809708 18.965227127 0.037398957 0.997109115 -0.066141501 -1.008429885 -0.999299705 0.037403442 -0.001170993 40.522258759
0.004977286 0.067830615 0.997684598 19.509616852 0.033719033 0.997118056 -0.067960329 -1.031366229 -0.999419093 0.033979230 0.002675772 40.533180237
0.008368671 0.067030810 0.997716010 20.046360016 0.033176363 0.997182846 -0.067273282 -1.065793753 -0.999414623 0.033663578 0.006121218 40.538860321
0.011601329 0.063854538 0.997891843 20.595640182 0.036779977 0.997256398 -0.064241476 -1.103195190 -0.999256074 0.037447728 0.009220958 40.550292969
0.015182376 0.063996099 0.997834861 21.133661270 0.041357785 0.997055411 -0.064575404 -1.138250113 -0.999029219 0.042248651 0.012490928 40.556564331
0.018944919 0.065808088 0.997652590 21.671720505 0.044541113 0.996785343 -0.066596709 -1.162980676 -0.998828113 0.045698225 0.015952826 40.561042786
0.021042287 0.065520965 0.997629404 22.215917587 0.044832613 0.996784627 -0.066411123 -1.198932648 -0.998772979 0.046123777 0.018037200 40.588920593
0.024676740 0.063619636 0.997669280 22.756567001 0.045844138 0.996851087 -0.064701408 -1.237090826 -0.998643935 0.047333904 0.021682441 40.597900391
0.028360486 0.063218035 0.997596800 23.290033340 0.048129279 0.996754289 -0.064532913 -1.263762116 -0.998438537 0.049843803 0.025225759 40.610275269
0.031832814 0.063051812 0.997502565 23.831193924 0.047062218 0.996806741 -0.064509712 -1.298227072 -0.998384714 0.048998207 0.028763771 40.621032715
0.034644186 0.064858809 0.997292876 24.402368546 0.044039674 0.996823490 -0.066358142 -1.334723473 -0.998428941 0.046219379 0.031677783 40.649974823
0.037391067 0.065182634 0.997172594 24.945732117 0.045577131 0.996720731 -0.066862114 -1.364366651 -0.998260856 0.047948312 0.034297645 40.672504425
0.040432632 0.064865723 0.997074664 25.498348236 0.043649729 0.996823251 -0.066619426 -1.396714807 -0.998228490 0.046215639 0.037472844 40.693462372
0.042547762 0.065043062 0.996974945 26.047082901 0.041942798 0.996882617 -0.066827022 -1.431237698 -0.998213649 0.044659257 0.039687037 40.722251892
0.045280814 0.065026477 0.996855795 26.603389740 0.038752303 0.997013748 -0.066797063 -1.468141079 -0.998222530 0.041655086 0.042625725 40.756320953
0.047911704 0.066962890 0.996604621 27.169254303 0.037736159 0.996916652 -0.068798043 -1.501456738 -0.998138607 0.040904265 0.045237005 40.800354004
0.051051617 0.070203133 0.996225715 27.722984314 0.037279963 0.996697068 -0.072146781 -1.538564682 -0.998000145 0.040822476 0.048265815 40.833648682
0.054288208 0.072466217 0.995892286 28.295740128 0.036762059 0.996541858 -0.074517459 -1.578119278 -0.997848392 0.040656473 0.051436484 40.878089905
0.057937503 0.074946895 0.995503008 28.807458878 0.030889673 0.996565998 -0.076824680 -1.609047174 -0.997842252 0.035201788 0.055423439 40.893001556
0.061393023 0.073916942 0.995372951 29.372983932 0.027124763 0.996762156 -0.075693123 -1.647502184 -0.997745097 0.031646289 0.059189320 40.928245544
0.064201236 0.074332066 0.995164752 29.929603577 0.029521421 0.996644199 -0.076347090 -1.689056754 -0.997500181 0.034280255 0.061791420 40.974937439
0.067839921 0.075732030 0.994817734 30.487693787 0.029161988 0.996538341 -0.077851668 -1.726669908 -0.997269869 0.034292310 0.065396547 41.015098572
0.071291447 0.076976649 0.994480968 31.062389374 0.024881067 0.996570230 -0.078922026 -1.761984587 -0.997145295 0.030370211 0.069131672 41.071231842
0.075758994 0.074768893 0.994318962 31.631671906 0.024212627 0.996752739 -0.076796710 -1.803115845 -0.996832132 0.029893111 0.073702633 41.111904144
0.080997527 0.075098284 0.993881226 32.210487366 0.024674678 0.996700764 -0.077322230 -1.842877150 -0.996408939 0.030786611 0.078877270 41.156810760
0.085721076 0.078603469 0.993213713 32.775573730 0.020820417 0.996523976 -0.080662400 -1.886196733 -0.996101677 0.027593594 0.083786547 41.216575623
0.092145920 0.086886287 0.991947591 33.348949432 0.019068990 0.995849133 -0.088999435 -1.931219339 -0.995562971 0.027116375 0.090106606 41.273071289
0.099116206 0.091483451 0.990861654 33.917095184 0.017762080 0.995443583 -0.093683243 -1.975969911 -0.994917393 0.026885290 0.097039640 41.342350006
0.105933011 0.094462611 0.989876270 34.481472015 0.013315693 0.995253503 -0.096400753 -2.024427891 -0.994284153 0.023392908 0.104172349 41.400886536
0.112860262 0.092503533 0.989295542 35.069419861 0.009520080 0.995510519 -0.094170719 -2.076786041 -0.993565261 0.020046312 0.111472964 41.479400635
0.120788395 0.090908416 0.988506854 35.651664734 0.009908184 0.995637834 -0.092774928 -2.125237465 -0.992628872 0.021000449 0.119360745 41.546375275
0.127837956 0.087300926 0.987945437 36.234817505 0.009856660 0.995957375 -0.089284360 -2.173755407 -0.991746187 0.021151777 0.126460671 41.629806519
0.135356188 0.082243480 0.987377644 36.813930511 0.007594042 0.996433556 -0.084038824 -2.217855453 -0.990767837 0.018873356 0.134248912 41.708400726
0.142064452 0.075868487 0.986945629 37.426879883 0.003393967 0.997015178 -0.077131093 -2.264871836 -0.989851594 0.014307249 0.141382873 41.813209534
0.149965584 0.073024988 0.985990882 38.012695312 0.004345771 0.997210264 -0.074516907 -2.306781769 -0.988681793 0.015459863 0.149229884 41.906944275
0.157270253 0.074179187 0.984765708 38.570007324 0.003820401 0.997121811 -0.075720064 -2.356410980 -0.987548172 0.015670711 0.156534195 41.988086700
0.163195014 0.081267104 0.983241200 39.140281677 0.004530821 0.996529460 -0.083117425 -2.393959045 -0.986583591 0.018019244 0.162260413 42.087364197
0.168533802 0.083828628 0.982124746 39.704940796 0.002688739 0.996334314 -0.085502863 -2.445737123 -0.985692203 0.017050799 0.167690635 42.186630249
0.173624754 0.087035835 0.980958343 40.270729065 0.001511179 0.996062279 -0.088643417 -2.493107796 -0.984810710 0.016873103 0.172809541 42.292625427
0.178697407 0.086412892 0.980102062 40.817314148 -0.001128286 0.996153116 -0.087622352 -2.540389776 -0.983903408 0.014552049 0.178107440 42.394676208
0.183788061 0.083703265 0.979395628 41.358108521 0.003190447 0.996311784 -0.085747696 -2.584360600 -0.982960701 0.018884115 0.182843208 42.494888306
0.187864065 0.077500150 0.979132771 41.921989441 0.003589716 0.996821284 -0.079588994 -2.625801325 -0.982188582 0.018466722 0.186988711 42.618415833
0.190732718 0.070693538 0.979093254 42.463569641 0.001868691 0.997375548 -0.072377615 -2.672757387 -0.981640279 0.015634408 0.190100014 42.732158661
0.193950355 0.067490220 0.978687167 42.995826721 -0.001748133 0.997652888 -0.068451673 -2.711368084 -0.981009960 0.011565356 0.193613112 42.847248077
0.196985364 0.067183405 0.978101909 43.517627716 -0.003356703 0.997689724 -0.067852825 -2.751914263 -0.980400741 0.010082820 0.196755767 42.956764221
0.199196219 0.069331467 0.977503955 44.036209106 -0.005379893 0.997556448 -0.069657415 -2.787357569 -0.979944885 0.008616626 0.199082494 43.067729950
0.200117528 0.073869348 0.976983190 44.550529480 -0.009679396 0.997254193 -0.073419377 -2.824772835 -0.979724050 0.005235892 0.200283051 43.190750122
0.201756775 0.078197807 0.976309061 45.053939819 -0.010823708 0.996924877 -0.077612288 -2.861893892 -0.979375839 0.005091526 0.201982737 43.305988312
0.203654349 0.083756596 0.975453615 45.544609070 -0.012540955 0.996475339 -0.082943320 -2.901586294 -0.978962541 0.004658658 0.203986943 43.416671753
0.206220508 0.086039640 0.974715471 46.043701172 -0.010230474 0.996261835 -0.085777104 -2.935733795 -0.978452086 0.007717196 0.206329823 43.520141602
0.207336903 0.085337803 0.974540472 46.525054932 -0.012582634 0.996338129 -0.084569573 -2.978941441 -0.978188753 0.005272113 0.207651377 43.631629944
0.207752109 0.082589254 0.974688768 47.001174927 -0.012483235 0.996572018 -0.081782743 -3.016729116 -0.978101969 0.004823275 0.208070874 43.734642029
0.208603740 0.079570830 0.974757910 47.478034973 -0.011672933 0.996816278 -0.078873418 -3.055577755 -0.977930546 0.005075008 0.208868444 43.838211060
0.207838953 0.078070894 0.975042522 47.941246033 -0.011836696 0.996937513 -0.077300921 -3.099245071 -0.978091419 0.004524853 0.208126545 43.945690155
0.205481410 0.077284023 0.975604773 48.420940399 -0.011256974 0.996997774 -0.076607764 -3.130896568 -0.978596330 0.004759118 0.205734491 44.065776825
0.203735292 0.078297101 0.975890279 48.889400482 -0.013305403 0.996926308 -0.077207118 -3.171700954 -0.978935719 0.002745215 0.204150856 44.165462494
0.202994704 0.082354479 0.975710571 49.336296082 -0.012768589 0.996594787 -0.081460729 -3.194700956 -0.979096711 0.004077669 0.203355014 44.254039764
0.200636446 0.085444994 0.975932539 49.769111633 -0.010198042 0.996317387 -0.085133180 -3.233139992 -0.979612768 0.007128231 0.200769007 44.344314575
0.199194670 0.086951107 0.976094842 50.205123901 -0.008153740 0.996168375 -0.087075323 -3.261770487 -0.979926109 0.009386126 0.199140429 44.431003571
0.196771204 0.086071536 0.976664066 50.633773804 -0.009144068 0.996256948 -0.085955940 -3.295829773 -0.980406761 0.007982969 0.196821749 44.523574829
0.194097102 0.083182573 0.977449238 51.063499451 -0.008932937 0.996506989 -0.083030567 -3.327696323 -0.980941713 0.007384509 0.194162190 44.616607666
0.192000031 0.078859761 0.978221416 51.474708557 -0.009130124 0.996866703 -0.078570850 -3.369741440 -0.981352448 0.006154321 0.192118406 44.695896149
0.190505207 0.078005955 0.978582144 51.882369995 -0.005422827 0.996906400 -0.078410968 -3.402895212 -0.981671333 0.009631019 0.190338850 44.770343781
0.188873410 0.079125911 0.978808463 52.283798218 -0.001415636 0.996769369 -0.080304697 -3.434878349 -0.982000411 0.013781793 0.188375235 44.844299316
0.186023712 0.081254423 0.979179800 52.678359985 0.002134141 0.996538877 -0.083100364 -3.466370583 -0.982543051 0.017548352 0.185206473 44.920883179
0.184544146 0.083181396 0.979297996 53.076892853 0.001534577 0.996386409 -0.084922090 -3.497097969 -0.982823133 0.017174687 0.183749616 44.996646881
0.182881296 0.085642666 0.979397714 53.468162537 0.000848468 0.996184409 -0.087269001 -3.533741713 -0.983134687 0.016790859 0.182110786 45.075782776
0.182455659 0.084698275 0.979559004 53.887596130 0.003140938 0.996227384 -0.086724550 -3.559316635 -0.983208954 0.018900108 0.181501269 45.144618988
0.181569874 0.083122954 0.979858756 54.274887085 0.008420136 0.996253192 -0.086074010 -3.594339132 -0.983342171 0.023879003 0.180189669 45.227108002
0.183400512 0.080682009 0.979721844 54.676349640 0.013340417 0.996330202 -0.084547035 -3.628794193 -0.982947886 0.028575875 0.181651115 45.300907135
0.186132669 0.080612756 0.979211986 55.084102631 0.016039275 0.996246397 -0.085063905 -3.655530930 -0.982393682 0.031539023 0.184140980 45.367507935
0.189046264 0.079730272 0.978726089 55.486717224 0.013709258 0.996386886 -0.083816998 -3.693751097 -0.981872618 0.029262906 0.187270164 45.458881378
0.193947911 0.080733493 0.977684140 55.888206482 0.012365669 0.996327579 -0.084726036 -3.723600388 -0.980933905 0.028522152 0.192237318 45.547424316
0.200273931 0.079597160 0.976501226 56.295875549 0.013586417 0.996372819 -0.084003426 -3.756419897 -0.979645729 0.030090844 0.198466063 45.635768890
0.208163917 0.079973429 0.974819005 56.715385437 0.011328075 0.996387720 -0.084161922 -3.784653187 -0.978028357 0.028562296 0.206506014 45.729434967
0.216227412 0.078726619 0.973163903 57.139469147 0.011631649 0.996465325 -0.083196096 -3.810730457 -0.976273835 0.029308781 0.214547396 45.835109711
0.225273490 0.077590853 0.971201062 57.557174683 0.008294079 0.996635020 -0.081546657 -3.853934050 -0.974260211 0.026425516 0.223871887 45.930980682
0.234449983 0.077794135 0.969010592 57.976924896 0.006810199 0.996636987 -0.081659764 -3.885070086 -0.972104430 0.025744293 0.233131766 46.051155090
0.243168771 0.081674322 0.966539323 58.396747589 0.001458738 0.996416807 -0.084566019 -3.917350531 -0.969982922 0.021973744 0.242178261 46.176971436
0.252819538 0.082587957 0.963982224 58.828872681 -0.001728356 0.996387064 -0.084910922 -3.956963539 -0.967512012 0.019801043 0.252048850 46.297569275
0.264198244 0.085169800 0.960700512 59.266395569 -0.005796723 0.996215522 -0.086724207 -3.992024899 -0.964451075 0.017343476 0.263692081 46.423080444
0.274099171 0.086512402 0.957802296 59.706207275 -0.007130157 0.996101022 -0.087931216 -4.030826092 -0.961675048 0.017272588 0.273647308 46.564823151
0.283924580 0.087213062 0.954872131 60.144264221 -0.010028087 0.996070504 -0.087994128 -4.066366196 -0.958794236 0.015408158 0.283683479 46.703956604
0.294237912 0.089384183 0.951543272 60.616901398 -0.011915114 0.995882690 -0.089864850 -4.097465038 -0.955658019 0.015103906 0.294091463 46.851181030
0.304021358 0.090009913 0.948403716 61.079841614 -0.016058378 0.995869279 -0.089367047 -4.134435177 -0.952530026 0.011939682 0.304210961 47.013420105
0.314331889 0.085325211 0.945470989 61.551094055 -0.015405383 0.996279836 -0.084788859 -4.167359352 -0.949188292 0.012086514 0.314476967 47.176853180
0.324778378 0.078369819 0.942537725 62.035976410 -0.012009963 0.996822417 -0.078745097 -4.204516411 -0.945713937 0.014254872 0.324687600 47.349975586
0.336644650 0.073273301 0.938776672 62.535617828 -0.009246167 0.997176945 -0.074515894 -4.246973991 -0.941586435 0.016405296 0.336371779 47.526355743
0.346609652 0.069365099 0.935441196 63.028343201 -0.009923233 0.997477353 -0.070288360 -4.286002636 -0.937956989 0.015080025 0.346423626 47.720485687
0.355448484 0.067621797 0.932246566 63.525672913 -0.004184719 0.997484684 -0.070758380 -4.314899921 -0.934686542 0.021249773 0.354837418 47.917140961
0.364663780 0.061926529 0.929077744 64.043548584 0.002806567 0.997708380 -0.067602605 -4.343877316 -0.931135058 0.027259734 0.363654256 48.106822968
0.371135771 0.052686930 0.927082658 64.557495117 0.012355303 0.998020470 -0.061664540 -4.374147415 -0.928496361 0.034340303 0.369750142 48.310951233
0.378538132 0.048066661 0.924336851 65.071968079 0.018045910 0.998077571 -0.059291512 -4.405529976 -0.925409853 0.039124601 0.376943052 48.518688202
0.385995686 0.048119478 0.921244681 65.592544556 0.019745415 0.997978866 -0.060400747 -4.441973209 -0.922289193 0.041504785 0.384265423 48.735534668
0.392669976 0.054194644 0.918081284 66.091987610 0.021800533 0.997433245 -0.068203062 -4.473778725 -0.919421077 0.046795961 0.390480638 48.961467743
0.400748193 0.058797020 0.914299667 66.620849609 0.025247511 0.996850908 -0.075172022 -4.505027771 -0.915840328 0.053208839 0.398001671 49.176723480
0.405526817 0.060687467 0.912066400 67.130455017 0.023789795 0.996754944 -0.076900035 -4.543917656 -0.913773596 0.052882895 0.402767122 49.419849396
0.409781098 0.062834017 0.910017252 67.635894775 0.015606260 0.996995807 -0.075867139 -4.587285042 -0.912050366 0.045290887 0.407569408 49.659557343
0.413874388 0.066599205 0.907894671 68.142181396 0.009025613 0.996971071 -0.077247903 -4.627677917 -0.910289347 0.040165238 0.412019670 49.900978088
0.417746425 0.069423825 0.905907452 68.629165649 0.008303013 0.996743083 -0.080213793 -4.671488285 -0.908525765 0.041030787 0.415809453 50.135414124
0.422153115 0.073582038 0.903533399 69.124595642 0.004840877 0.996503115 -0.083415091 -4.715889454 -0.906511724 0.039587837 0.420320690 50.365966797
0.425440907 0.076956004 0.901708305 69.580474854 0.001685090 0.996308804 -0.085824713 -4.754040241 -0.904984653 0.038032807 0.423740864 50.589328766
0.428935587 0.075425148 0.900180697 70.061752319 0.000628505 0.996482909 -0.083793685 -4.798844337 -0.903334856 0.036507867 0.427379608 50.840312958
0.433257580 0.071880594 0.898399234 70.552726746 0.001338013 0.996762097 -0.080395840 -4.849545479 -0.901269197 0.036034182 0.431758583 51.075389862
0.436929286 0.068909779 0.896852493 71.021415710 0.001000661 0.997023344 -0.077093929 -4.892430305 -0.899495363 0.034582037 0.435559690 51.304393768
0.440384865 0.068434164 0.895197093 71.483650208 -0.000637986 0.997114360 -0.075911462 -4.933444977 -0.897808850 0.032859139 0.439157784 51.538791656
0.443634987 0.069992229 0.893470347 71.926513672 -0.002617288 0.997042596 -0.076806262 -4.972870827 -0.896203816 0.031735484 0.442506135 51.765132904
0.446450472 0.070504710 0.892026484 72.374015808 -0.001827165 0.996960759 -0.077884123 -5.010740280 -0.894806564 0.033141524 0.445222378 51.996070862
0.448033154 0.069030255 0.891348004 72.806350708 -0.000850413 0.997047007 -0.076788642 -5.059207916 -0.894016623 0.033645853 0.446768820 52.227237701
0.450062275 0.067256257 0.890460908 73.221641541 0.002383731 0.997065723 -0.076512896 -5.087342262 -0.892993987 0.036558181 0.448581338 52.422645569
0.451851547 0.067023635 0.889571905 73.646415710 0.000953171 0.997136831 -0.075612135 -5.125979900 -0.892092705 0.035013378 0.450493932 52.644676208
0.453663349 0.066350296 0.888699710 74.061523438 0.002578903 0.997122645 -0.075761624 -5.158953667 -0.891169369 0.036662146 0.452186882 52.859718323
0.456570685 0.067782044 0.887101352 74.464187622 0.003059890 0.996968091 -0.077751644 -5.186465263 -0.889681876 0.038213558 0.454979002 53.063873291
0.458875179 0.067841925 0.885906935 74.867042542 0.005433692 0.996847749 -0.079152174 -5.227496147 -0.888484120 0.041134715 0.457060039 53.282417297
0.462370992 0.067495123 0.884113967 75.268478394 0.007073496 0.996786118 -0.079796031 -5.257066727 -0.886658370 0.043149155 0.460407615 53.487239838
0.465913713 0.065205589 0.882424355 75.660820007 0.009919403 0.996833444 -0.078897081 -5.300210953 -0.884774566 0.045512356 0.463791549 53.688762665
0.468807340 0.064719275 0.880926311 76.034202576 0.010860089 0.996814430 -0.079012737 -5.334017277 -0.883233726 0.046608686 0.466611087 53.895565033
0.471992552 0.064187661 0.879262805 76.412040710 0.012222741 0.996773660 -0.079327390 -5.365643501 -0.881517887 0.048188940 0.469685197 54.100299835
0.475542307 0.063446879 0.877401888 76.781295776 0.012511630 0.996806979 -0.078862503 -5.400332451 -0.879603922 0.048480183 0.473230064 54.301532745
0.478995442 0.063145660 0.875543356 77.151153564 0.013938121 0.996736467 -0.079511642 -5.431504250 -0.877706766 0.050289143 0.476552069 54.504116058
0.482870936 0.064496234 0.873313308 77.511665344 0.013276627 0.996630192 -0.080944389 -5.464329243 -0.875591040 0.050680354 0.480387449 54.708007812
0.487477601 0.064557880 0.870745659 77.879539490 0.015603155 0.996459484 -0.082613684 -5.495411396 -0.872996092 0.053858701 0.484744370 54.908878326
0.492150724 0.067501470 0.867888927 78.235382080 0.013556223 0.996273875 -0.085174099 -5.534767151 -0.870404482 0.053683791 0.489401877 55.120578766
0.497976720 0.073619343 0.864059925 78.586303711 0.009879053 0.995843709 -0.090541072 -5.567055702 -0.867134213 0.053623445 0.495179713 55.322814941
0.504001617 0.080584586 0.859935224 78.938171387 0.004906986 0.995354712 -0.096150711 -5.600066185 -0.863688767 0.052679807 0.501264930 55.541278839
0.509953022 0.086480469 0.855844140 79.282997131 -0.000427667 0.994958878 -0.100282788 -5.638307571 -0.860202193 0.050773501 0.507419288 55.755962372
0.515583754 0.090974018 0.851996005 79.632507324 -0.004105248 0.994598448 -0.103716470 -5.681447983 -0.856829345 0.049976878 0.513172269 55.997772217
0.521630526 0.091646105 0.848235011 79.985954285 -0.009262301 0.994763672 -0.101781599 -5.716460228 -0.853121281 0.045235790 0.519747972 56.212909698
0.525978923 0.090776660 0.845639288 80.343345642 -0.015034430 0.995124698 -0.097472183 -5.752667904 -0.850364745 0.038554616 0.524779439 56.473064423
0.531918049 0.088244691 0.842185259 80.706390381 -0.021231785 0.995632470 -0.090913139 -5.790392399 -0.846529603 0.030477241 0.531468451 56.715847015
0.537617147 0.086542770 0.838736057 81.068962097 -0.027172115 0.995980382 -0.085350707 -5.823859215 -0.842751145 0.023095775 0.537807703 56.966682434
0.543815434 0.084702037 0.834919333 81.438468933 -0.029928884 0.996218026 -0.081571840 -5.859721184 -0.838670969 0.019371817 0.544293761 57.215312958
0.549212039 0.087976828 0.831039310 81.805870056 -0.035748836 0.996006131 -0.081815362 -5.901290417 -0.834918141 0.015225299 0.550163627 57.487361908
0.556556225 0.092221856 0.825675726 82.183181763 -0.039323702 0.995630383 -0.084697947 -5.926089287 -0.829878807 0.014670543 0.557750821 57.732151031
0.563283026 0.095652185 0.820708811 82.567375183 -0.041746564 0.995302677 -0.087348580 -5.956352234 -0.825208724 0.014940206 0.564630270 57.998970032
0.569608808 0.097658440 0.816093504 82.950965881 -0.044436738 0.995122910 -0.088066615 -5.992985725 -0.820713818 0.013898991 0.571170449 58.279281616
