1.000000000 0.000000000 0.000000000 0.000000000 0.000000000 1.000000000 0.000000000 0.000000000 0.000000000 0.000000000 1.000000000 0.000000000
0.999998510 0.000901520 0.001489500 -0.005083317 -0.000894822 0.999989510 -0.004491396 -0.002970263 -0.001493534 0.004490057 0.999988794 0.692804396
0.999996960 -0.001333451 0.002085181 0.000169767 0.001345072 0.999983549 -0.005581226 0.002089661 -0.002077704 0.005584014 0.999982238 1.387520313
0.999993682 -0.002726631 0.002283095 0.000548148 0.002729839 0.999995291 -0.001403363 0.000601820 -0.002279258 0.001409587 0.999996424 2.076359034
0.999984145 -0.005392503 0.001607130 0.002914250 0.005385191 0.999975264 0.004519465 0.001080534 -0.001631461 -0.004510739 0.999988496 2.762945414
0.999960721 -0.008860519 0.000050335 0.004838564 0.008860197 0.999950290 0.004567184 0.003736326 -0.000090800 -0.004566559 0.999989569 3.445926666
0.999934137 -0.011460143 -0.000576134 0.002693583 0.011461158 0.999932706 0.001792089 0.004811713 0.000555558 -0.001798574 0.999998212 4.120559216
0.999925494 -0.012149356 -0.001174536 -0.004934510 0.012147363 0.999924779 -0.001689436 0.005756448 0.001194973 0.001675042 0.999997854 4.804397106
0.999928594 -0.011759341 -0.002137837 -0.007145455 0.011754381 0.999928236 -0.002318562 0.007384174 0.002164948 0.002293267 0.999995053 5.476204395
0.999929190 -0.011550838 -0.002855016 -0.013560684 0.011549773 0.999933243 -0.000389411 0.006719963 0.002859323 0.000356409 0.999995828 6.144571781
0.999933243 -0.010949026 -0.003686088 -0.020627301 0.010957423 0.999937415 0.002265513 0.008695668 0.003661052 -0.002305752 0.999990642 6.820506573
0.999918103 -0.011989327 -0.004482391 -0.030880408 0.012007019 0.999920130 0.003941160 0.011160074 0.004434781 -0.003994657 0.999982178 7.500372410
0.999902308 -0.013020561 -0.005084739 -0.034855317 0.013044392 0.999903977 0.004682069 0.015837293 0.005023288 -0.004747939 0.999976099 8.161204338
0.999888957 -0.013687552 -0.005896650 -0.041981976 0.013714247 0.999895751 0.004510786 0.019990886 0.005834294 -0.004591153 0.999972463 8.821398735
0.999888003 -0.013640384 -0.006159894 -0.053478155 0.013661641 0.999900818 0.003421848 0.019350968 0.006112608 -0.003505619 0.999975145 9.471553802
0.999883056 -0.013529150 -0.007130316 -0.066982388 0.013540367 0.999907136 0.001527131 0.019434484 0.007108994 -0.001623500 0.999973416 10.114541054
0.999838829 -0.015403677 -0.009222137 -0.066476606 0.015404223 0.999881327 -0.000011914 0.023398284 0.009221226 -0.000130148 0.999957502 10.781562805
0.999823272 -0.015222067 -0.011031898 -0.076078743 0.015216326 0.999884069 -0.000604124 0.023567945 0.011039814 0.000436153 0.999938965 11.433128357
0.999819815 -0.013797371 -0.013038527 -0.083926491 0.013779026 0.999903917 -0.001495840 0.024721853 0.013057914 0.001315912 0.999913871 12.077927589
0.999823928 -0.012817632 -0.013705637 -0.113145612 0.012796385 0.999916792 -0.001636762 0.026099376 0.013725476 0.001461091 0.999904752 12.733986855
0.999793351 -0.012645885 -0.015915122 -0.114355944 0.012644786 0.999920011 -0.000169627 0.019222714 0.015915994 -0.000031651 0.999873340 13.368203163
0.999778092 -0.012537096 -0.016928809 -0.135158107 0.012544543 0.999921262 0.000333742 0.026323449 0.016923292 -0.000546032 0.999856651 14.021984100
0.999750853 -0.012507287 -0.018489011 -0.140860602 0.012531328 0.999920785 0.001184982 0.024680946 0.018472724 -0.001416378 0.999828339 14.652311325
0.999697626 -0.013489752 -0.020560183 -0.150738031 0.013513329 0.999908209 0.001008202 0.026935054 0.020544693 -0.001285734 0.999788105 15.283628464
0.999666929 -0.013709494 -0.021865912 -0.171464995 0.013728763 0.999905467 0.000731395 0.025795013 0.021853819 -0.001031343 0.999760628 15.912261963
0.999638319 -0.013116894 -0.023476740 -0.184975892 0.013155807 0.999912322 0.001503771 0.022602811 0.023454959 -0.001812082 0.999723256 16.538946152
0.999610186 -0.013271821 -0.024563249 -0.201406047 0.013345887 0.999906838 0.002853849 0.028161943 0.024523087 -0.003180555 0.999694228 17.165815353
0.999599755 -0.014257021 -0.024435723 -0.224887431 0.014396409 0.999881029 0.005537825 0.032331243 0.024353864 -0.005887395 0.999686062 17.760171890
0.999572217 -0.014014936 -0.025670366 -0.237020791 0.014204082 0.999873161 0.007200823 0.034274135 0.025566192 -0.007562366 0.999644518 18.365671158
0.999575138 -0.013210900 -0.025980812 -0.260121375 0.013370657 0.999892712 0.005984951 0.036740836 0.025898956 -0.006329789 0.999644518 18.962499619
0.999595463 -0.011821084 -0.025868926 -0.288177073 0.011912605 0.999923289 0.003386605 0.038200386 0.025826909 -0.003693401 0.999659598 19.555576324
0.999556720 -0.011245834 -0.027567087 -0.296422601 0.011295905 0.999934793 0.001661271 0.040013149 0.027546609 -0.001971930 0.999618590 20.120916367
0.999532640 -0.010526119 -0.028699430 -0.315867186 0.010562254 0.999943614 0.001107763 0.041608993 0.028686149 -0.001410376 0.999587476 20.695693970
0.999490976 -0.010671891 -0.030063996 -0.335021734 0.010696802 0.999942541 0.000667916 0.041376822 0.030055141 -0.000989164 0.999547780 21.259397507
0.999455750 -0.009911051 -0.031463522 -0.359789729 0.009912729 0.999950886 -0.000102648 0.041594338 0.031462993 -0.000209297 0.999504924 21.818662643
0.999377787 -0.010555802 -0.033654675 -0.378203064 0.010555664 0.999944270 -0.000181748 0.041834038 0.033654720 -0.000173613 0.999433517 22.385938644
0.999309123 -0.010609782 -0.035619680 -0.402306318 0.010653348 0.999942720 0.001033516 0.044348825 0.035606671 -0.001412271 0.999364913 22.930788040
0.999224782 -0.010410735 -0.037966684 -0.423303902 0.010541053 0.999939203 0.003233873 0.047012549 0.037930712 -0.003631575 0.999273777 23.469457626
0.999161243 -0.009568074 -0.039815117 -0.450055182 0.009769213 0.999940455 0.004860344 0.046124335 0.039766241 -0.005245230 0.999195218 23.998823166
0.999109089 -0.008448615 -0.041347511 -0.476386070 0.008646223 0.999952018 0.004602691 0.050981186 0.041306645 -0.004956091 0.999134243 24.537155151
0.999039054 -0.005717251 -0.043454409 -0.503906608 0.005899730 0.999974310 0.004072256 0.051753394 0.043430008 -0.004324712 0.999047101 25.052764893
0.998968780 -0.004034935 -0.045223344 -0.530591488 0.004188795 0.999985754 0.003307972 0.053388078 0.045209352 -0.003493992 0.998971403 25.569082260
0.998926818 -0.003473557 -0.046185616 -0.564915538 0.003675508 0.999984026 0.004288388 0.057043973 0.046169985 -0.004453542 0.998923659 26.061765671
0.998836219 -0.002752335 -0.048151739 -0.578454375 0.003053669 0.999976218 0.006185567 0.057407126 0.048133567 -0.006325408 0.998820901 26.578037262
0.998822927 -0.000011505 -0.048505802 -0.604880810 0.000340243 0.999977052 0.006769035 0.059528440 0.048504610 -0.006777571 0.998799980 27.068733215
0.998877764 0.003457120 -0.047236610 -0.636411428 -0.003241134 0.999983966 0.004648249 0.059905164 0.047251921 -0.004489933 0.998872936 27.545642853
0.998969316 0.005088970 -0.045104209 -0.665773213 -0.005026375 0.999986231 0.001501069 0.062184520 0.045111228 -0.001272811 0.998981178 28.007352829
0.999043643 0.005736357 -0.043345943 -0.683202684 -0.005763845 0.999983251 -0.000509201 0.067808755 0.043342300 0.000758553 0.999059975 28.474540710
0.999174297 0.006250978 -0.040145606 -0.699844658 -0.006231233 0.999980390 0.000616967 0.063120186 0.040148675 -0.000366301 0.999193668 28.948520660
0.999248683 0.010779692 -0.037227269 -0.723477781 -0.010663340 0.999937654 0.003322616 0.064232588 0.037260767 -0.002923153 0.999301314 29.400770187
0.999334633 0.015062081 -0.033218652 -0.745268464 -0.014834229 0.999864817 0.007094987 0.062466007 0.033321023 -0.006597493 0.999422908 29.847028732
0.999386191 0.020883184 -0.028127452 -0.772330523 -0.020672496 0.999756157 0.007760613 0.066490084 0.028282659 -0.007174384 0.999574244 30.284950256
0.999447346 0.024118101 -0.022877276 -0.784029722 -0.023931911 0.999678493 0.008377920 0.066613190 0.023071978 -0.007825793 0.999703169 30.708827972
0.999446452 0.028127044 -0.017767062 -0.785458803 -0.027951688 0.999558806 0.010042166 0.073173277 0.018041680 -0.009539988 0.999791741 31.130828857
0.999404252 0.032674201 -0.011117036 -0.796360552 -0.032547005 0.999404788 0.011436312 0.074730486 0.011484091 -0.011067673 0.999872804 31.525920868
0.999341249 0.036082532 -0.003888710 -0.802053332 -0.036038291 0.999290943 0.010903003 0.075438485 0.004279361 -0.010755679 0.999933004 31.904457092
0.999232292 0.039063878 0.002966255 -0.797362328 -0.039094500 0.999174058 0.011084033 0.076085076 -0.002530820 -0.011191489 0.999934196 32.284179688
0.998997986 0.043423209 0.010837178 -0.798227131 -0.043536786 0.998996913 0.010473866 0.082113236 -0.010371498 -0.010935187 0.999886394 32.635528564
0.998684347 0.047998559 0.018048881 -0.793026507 -0.048132967 0.998815775 0.007087670 0.090180010 -0.017687308 -0.007947091 0.999812007 32.962829590
0.998409808 0.049861763 0.026299758 -0.795795560 -0.049999241 0.998738706 0.004595544 0.086221509 -0.026037445 -0.005903204 0.999643564 33.296890259
0.998160899 0.050022800 0.034242496 -0.783075154 -0.050203826 0.998729110 0.004446819 0.086759642 -0.033976533 -0.006157745 0.999403656 33.602043152
0.997914374 0.049173277 0.041820452 -0.762679636 -0.049466427 0.998757720 0.006003398 0.086512677 -0.041473292 -0.008059585 0.999107122 33.896984100
0.997476757 0.050946180 0.049442783 -0.742148280 -0.051334057 0.998659670 0.006606284 0.088597611 -0.049039952 -0.009127713 0.998755097 34.176971436
0.996851206 0.053823054 0.058229972 -0.727652073 -0.054295309 0.998503387 0.006557505 0.090743579 -0.057789881 -0.009698470 0.998281658 34.435382843
0.995997369 0.058805902 0.067313209 -0.720061839 -0.059331249 0.998221338 0.005830424 0.090745904 -0.066850618 -0.009800864 0.997714877 34.664775848
0.995135427 0.062285304 0.076328740 -0.701590896 -0.062949434 0.997996688 0.006323728 0.087745711 -0.075781956 -0.011097816 0.997062683 34.878036499
0.994395971 0.062022578 0.085614637 -0.681041479 -0.062819257 0.998002827 0.006640273 0.088163339 -0.085031807 -0.011981308 0.996306181 35.082870483
0.993492424 0.060826432 0.096295916 -0.656312823 -0.061569791 0.998091400 0.004764271 0.088418104 -0.095822327 -0.010662185 0.995341361 35.279834747
0.992368698 0.059378251 0.108067557 -0.627592206 -0.059754767 0.998213053 0.000246261 0.088810585 -0.107859820 -0.006701934 0.994143546 35.470676422
0.990802348 0.060368419 0.121104553 -0.595816433 -0.060374521 0.998169243 -0.003622347 0.087173849 -0.121101514 -0.003722599 0.992633164 35.661048889
0.988674939 0.062039301 0.136649027 -0.566693842 -0.061787896 0.998070776 -0.006084664 0.089880258 -0.136762872 -0.002427500 0.990600824 35.844768524
0.986203253 0.063640356 0.152817070 -0.531700790 -0.063282192 0.997969627 -0.007211468 0.086121023 -0.152965724 -0.002558626 0.988228202 36.033012390
0.983314931 0.064770535 0.169989750 -0.497782946 -0.064283028 0.997896552 -0.008376027 0.084080651 -0.170174703 -0.002691183 0.985410213 36.208747864
0.980137289 0.063274741 0.187955424 -0.451798856 -0.062573627 0.997993529 -0.009667417 0.084269181 -0.188189998 -0.002285653 0.982129991 36.398220062
0.976257503 0.062316198 0.207455903 -0.405572653 -0.061564583 0.998052180 -0.010083724 0.083631545 -0.207680196 -0.002927626 0.978192389 36.584114075
0.971752048 0.062752403 0.227508545 -0.352049857 -0.061826147 0.998024046 -0.011202777 0.079987377 -0.227762014 -0.003179653 0.973711669 36.752159119
0.966430366 0.064851485 0.248609394 -0.297183931 -0.063497610 0.997891068 -0.013469744 0.079063684 -0.248958617 -0.002768531 0.968510151 36.930690765
0.960182488 0.066423960 0.271362156 -0.236747801 -0.064636119 0.997788012 -0.015531108 0.075514615 -0.271793574 -0.002627097 0.962351978 37.111801147
0.952970147 0.067288063 0.295500040 -0.166182816 -0.065357484 0.997726858 -0.016417501 0.068016022 -0.295933008 -0.003667752 0.955201626 37.281158447
0.944273710 0.070879668 0.321439266 -0.096741915 -0.068899542 0.997469306 -0.017546922 0.066798389 -0.321869493 -0.005577919 0.946767628 37.464771271
0.934462368 0.072310947 0.348641902 -0.019203782 -0.070236690 0.997356832 -0.018604379 0.061623544 -0.349065691 -0.007102358 0.937071323 37.646114349
0.923290193 0.073300049 0.377044261 0.066376686 -0.071106702 0.997273088 -0.019753775 0.050924361 -0.377464056 -0.008571908 0.925984561 37.805149078
0.910697460 0.071402408 0.406855971 0.166176677 -0.068483405 0.997415066 -0.021752613 0.044021904 -0.407357484 -0.008052828 0.913233280 37.969554901
0.895783603 0.068263441 0.439217269 0.273534298 -0.064076379 0.997647345 -0.024371251 0.037472904 -0.439847589 -0.006312084 0.898050249 38.134552002
0.878576875 0.067548215 0.472800046 0.392678738 -0.061305519 0.997708619 -0.028620608 0.030933857 -0.473649949 -0.003839843 0.880704820 38.294296265
0.859075844 0.069197409 0.507149279 0.510013819 -0.060563006 0.997601151 -0.033527009 0.024564862 -0.508252680 -0.001912238 0.861205876 38.451660156
0.837228656 0.071115650 0.542209208 0.641273022 -0.060178153 0.997467697 -0.037905455 0.016863108 -0.543531835 -0.000893611 0.839388132 38.616474152
0.812582970 0.073923208 0.578138590 0.780984879 -0.061171882 0.997262657 -0.041536100 0.008057833 -0.579626441 -0.001614297 0.814880669 38.779006958
0.785331964 0.077536978 0.614200115 0.922773838 -0.063908912 0.996978939 -0.044143628 -0.005971014 -0.615767360 -0.004585456 0.787914693 38.930656433
0.755483091 0.082113862 0.650002062 1.088667393 -0.067774773 0.996587098 -0.047124356 -0.015487075 -0.651653230 -0.008452082 0.758469939 39.096534729
0.722370982 0.083219722 0.686479926 1.279867172 -0.067445457 0.996477962 -0.049828090 -0.024905682 -0.688208818 -0.010305587 0.725439489 39.270492554
0.685541928 0.081061140 0.723506272 1.473754883 -0.063899890 0.996646345 -0.051116660 -0.036826134 -0.725223482 -0.011189355 0.688422680 39.428981781
0.646208227 0.079994619 0.758957088 1.695674896 -0.061434209 0.996716380 -0.052746933 -0.048476100 -0.760684431 -0.012540419 0.649000764 39.587669373
0.604189754 0.079291485 0.792885661 1.934527397 -0.059166171 0.996754169 -0.054593652 -0.064062715 -0.794640899 -0.013927085 0.606920004 39.736740112
0.557988822 0.079032086 0.826076508 2.189827919 -0.055529319 0.996779442 -0.057855196 -0.079515457 -0.827988505 -0.013588918 0.560580373 39.883876801
0.509648740 0.077545576 0.856880963 2.465536118 -0.052642651 0.996874630 -0.058904286 -0.101162791 -0.858770669 -0.015087973 0.512138128 40.024509430
0.460997343 0.076226592 0.884121656 2.765403748 -0.050875396 0.996935427 -0.059425730 -0.111983418 -0.885941982 -0.017584924 0.463462651 40.154830933
0.410021067 0.072914623 0.909156859 3.058729172 -0.050527137 0.997084498 -0.057179186 -0.140111089 -0.910675466 -0.022492420 0.412509799 40.282943726
0.359134912 0.074476838 0.930309296 3.393653870 -0.055065691 0.996765196 -0.058539577 -0.143293023 -0.931659818 -0.030204512 0.362074316 40.405380249
0.310449719 0.074123383 0.947695494 3.753669739 -0.052284334 0.996777534 -0.060834799 -0.161248088 -0.949150920 -0.030663472 0.313324809 40.502449036
0.260869563 0.071199685 0.962744892 4.091524124 -0.041098054 0.997191429 -0.062611073 -0.182422876 -0.964498818 -0.023233620 0.263063073 40.593833923
0.217242002 0.066188753 0.973871231 4.492721558 -0.027247714 0.997720778 -0.061731521 -0.189948916 -0.975737453 -0.013125081 0.218550384 40.656372070
0.174821258 0.065406963 0.982425392 4.864849091 -0.017842872 0.997837722 -0.063257962 -0.206979752 -0.984438598 -0.006470444 0.175610304 40.700214386
0.136450052 0.066572443 0.988407731 5.254440308 -0.015207557 0.997762680 -0.065103129 -0.229709625 -0.990530372 -0.006147932 0.137157202 40.738361359
0.104371071 0.066784941 0.992293596 5.643608093 -0.006308621 0.997767150 -0.066489786 -0.257555366 -0.994518518 0.000679616 0.104559362 40.754451752
0.074975729 0.065059155 0.995060861 6.048480988 0.000591505 0.997866333 -0.065287158 -0.284976482 -0.997185290 0.005483542 0.074777305 40.770301819
0.051512837 0.063874669 0.996627688 6.465080261 0.007086026 0.997904003 -0.064322740 -0.306951165 -0.998647332 0.010375585 0.050952256 40.764091492
0.031613767 0.063596942 0.997474909 6.843528748 0.013074681 0.997861922 -0.064036012 -0.313713670 -0.999414682 0.015066093 0.030714631 40.752079010
0.015800297 0.065714687 0.997713447 7.264842987 0.015913602 0.997694969 -0.065965503 -0.331107974 -0.999748588 0.016919496 0.014718115 40.750854492
0.002482355 0.065203771 0.997868896 7.693748474 0.016931329 0.997726202 -0.065236561 -0.357291222 -0.999853611 0.017057186 0.001372755 40.745376587
-0.008085132 0.065894961 0.997793972 8.131572723 0.017223116 0.997687578 -0.065748386 -0.385741472 -0.999819100 0.016653543 -0.009201407 40.726745605
-0.017339230 0.068973273 0.997467935 8.575412750 0.022390611 0.997394383 -0.068578981 -0.409497023 -0.999599040 0.021144822 -0.018838406 40.713478088
-0.023736954 0.070655733 0.997218490 9.024402618 0.026713978 0.997187972 -0.070017710 -0.436127186 -0.999361396 0.024977680 -0.025557637 40.695411682
-0.028157592 0.070108756 0.997142017 9.490707397 0.027328676 0.997218490 -0.069342434 -0.461389065 -0.999229968 0.025298065 -0.029995203 40.681041718
-0.031516910 0.067293301 0.997235417 9.963100433 0.024764219 0.997477293 -0.066526972 -0.489591599 -0.999196529 0.022599036 -0.033103824 40.667079926
-0.033476591 0.059954986 0.997639596 10.446052551 0.022438912 0.997992516 -0.059223242 -0.519493222 -0.999187648 0.020403353 -0.034754753 40.651321411
-0.035263896 0.055090435 0.997858584 10.945831299 0.024181789 0.998234153 -0.054256607 -0.538667798 -0.999085605 0.022216711 -0.036533833 40.638862610
-0.035557270 0.052423056 0.997991979 11.444011688 0.026963312 0.998310030 -0.051479109 -0.563952208 -0.999004066 0.025078716 -0.036910653 40.618350983
-0.035769105 0.054392673 0.997878850 11.946981430 0.029830143 0.998130918 -0.053337157 -0.592990398 -0.998914897 0.027859055 -0.037324786 40.603092194
-0.034988046 0.062105611 0.997456133 12.450378418 0.030521149 0.997668087 -0.061048206 -0.614569783 -0.998921573 0.028307553 -0.036801934 40.587097168
-0.033502102 0.070088089 0.996978164 12.966678619 0.031654410 0.997111976 -0.069033809 -0.639395833 -0.998937368 0.029245982 -0.035623908 40.577472687
-0.031201243 0.071180046 0.996975541 13.498584747 0.032578118 0.997003436 -0.070162490 -0.661250830 -0.998982191 0.030290434 -0.033426642 40.560729980
-0.028657913 0.066565365 0.997370422 14.039249420 0.031954754 0.997331262 -0.065644577 -0.693982720 -0.999078333 0.029989494 -0.030708432 40.547542572
-0.026530623 0.059890941 0.997852445 14.575584412 0.031494386 0.997758210 -0.059047934 -0.726788402 -0.999151945 0.029860180 -0.028357387 40.541477203
-0.023761749 0.058270551 0.998018086 15.106239319 0.029428579 0.997907996 -0.057563469 -0.758431315 -0.999284446 0.028002441 -0.025426865 40.532032013
-0.020142436 0.063769862 0.997761309 15.641513824 0.037306156 0.997316778 -0.062988326 -0.788283229 -0.999100864 0.035953902 -0.022467375 40.514526367
-0.017302632 0.069528237 0.997430027 16.166172028 0.038918946 0.996870100 -0.068814076 -0.815912604 -0.999092638 0.037628263 -0.019954443 40.510807037
-0.014481306 0.070102371 0.997434855 16.698297501 0.033262827 0.997020960 -0.069590375 -0.846731424 -0.999341846 0.032169748 -0.016769886 40.507217407
-0.010948181 0.066679455 0.997714400 17.235010147 0.029010706 0.997375369 -0.066338457 -0.877108455 -0.999519110 0.028218115 -0.012853861 40.504852295
-0.006444454 0.062921822 0.997997582 17.769157410 0.033206075 0.997481465 -0.062674850 -0.913161874 -0.999427736 0.032735679 -0.008517623 40.501846313
-0.002663136 0.064093627 0.997940421 18.296911240 0.037862476 0.997234762 -0.063947268 -0.944931269 -0.999279499 0.037614197 -0.005082488 40.492717743
-0.000265241 0.068391532 0.997658670 18.828525543 0.037324257 0.996964097 -0.068333998 -0.979181886 -0.999303281 0.037218746 -0.002817154 40.498245239
0.004037023 0.069518656 0.997572541 19.367698669 0.033708550 0.997004211 -0.069615468 -1.006384134 -0.999423623 0.033907764 0.001681566 40.503128052
0.007325530 0.069090128 0.997583568 19.910745621 0.033317350 0.997039557 -0.069297120 -1.038585782 -0.999417961 0.033744480 0.005001903 40.513618469
0.010990322 0.066209570 0.997745275 20.454820633 0.037015930 0.997094631 -0.066574141 -1.072633743 -0.999254346 0.037664142 0.008507550 40.521572113
0.014919698 0.067098096 0.997634947 20.996374130 0.041928109 0.996826291 -0.067670763 -1.104421258 -0.999009311 0.042838573 0.012059033 40.523933411
0.018081844 0.067622229 0.997547150 21.523740768 0.044289675 0.996676743 -0.068366036 -1.143900871 -0.998855114 0.045417223 0.015026808 40.535926819
0.020907283 0.067544498 0.997497380 22.066869736 0.044713326 0.996653795 -0.068424582 -1.176947951 -0.998781264 0.046032000 0.017817140 40.548713684
0.024529934 0.066017270 0.997516930 22.610193253 0.046054095 0.996683180 -0.067094602 -1.211467743 -0.998637736 0.047585566 0.021408200 40.562492371
0.028172195 0.064916015 0.997493148 23.150907516 0.048161738 0.996641994 -0.066220880 -1.246168494 -0.998442292 0.049906593 0.024951160 40.571968079
0.031157911 0.064816631 0.997410715 23.702970505 0.046515599 0.996719897 -0.066224843 -1.286260486 -0.998431623 0.048458591 0.028040767 40.591529846
0.033613205 0.066844277 0.997197151 24.247356415 0.044096284 0.996690035 -0.068296678 -1.314608932 -0.998461723 0.046268359 0.030554354 40.624523163
0.036151111 0.067047700 0.997094691 24.796165466 0.044966429 0.996627152 -0.068646587 -1.346966028 -0.998334229 0.047317442 0.033014297 40.642868042
0.038538575 0.066474900 0.997043669 25.325984955 0.043750733 0.996715724 -0.068144135 -1.378421187 -0.998298943 0.046247572 0.035503685 40.667068481
0.041786551 0.066961005 0.996880293 25.883102417 0.040923852 0.996799648 -0.068671018 -1.414850831 -0.998288155 0.043665711 0.038912475 40.684806824
0.044565439 0.067092463 0.996751010 26.447935104 0.039332625 0.996850789 -0.068857774 -1.449859381 -0.998231947 0.042273510 0.041786194 40.725261688
0.047914445 0.069206461 0.996451199 26.998445511 0.037861828 0.996754050 -0.071048096 -1.482686281 -0.998133719 0.041131698 0.045138657 40.754974365
0.050770700 0.072758123 0.996056616 27.553520203 0.036686111 0.996533751 -0.074662946 -1.519810081 -0.998036444 0.040332146 0.047925532 40.792533875
0.054365516 0.074895531 0.995708406 28.110197067 0.036995761 0.996347308 -0.076963559 -1.557362556 -0.997835577 0.041021153 0.051396132 40.823162079
0.057222068 0.076990515 0.995388508 28.675792694 0.031090196 0.996401072 -0.078856133 -1.597579956 -0.997877359 0.035459138 0.054622471 40.862403870
0.059884071 0.076207072 0.995292187 29.238605499 0.026895223 0.996596336 -0.077925161 -1.635690212 -0.997843027 0.031435087 0.057630658 40.903327942
0.063085258 0.076617643 0.995062768 29.792419434 0.029311849 0.996476412 -0.078584813 -1.676694870 -0.997577608 0.034124680 0.060617149 40.948013306
0.066742182 0.077833071 0.994729996 30.358779907 0.028746258 0.996388972 -0.079891644 -1.717557907 -0.997356176 0.033926912 0.064263761 40.988399506
0.070371032 0.079158716 0.994375229 30.929748535 0.024989866 0.996393621 -0.081087917 -1.752633333 -0.997207999 0.030555552 0.068139136 41.038078308
0.074484169 0.076671839 0.994270504 31.506378174 0.024043009 0.996612012 -0.078653567 -1.798165083 -0.996932447 0.029763708 0.072388411 41.084777832
0.079339921 0.076430365 0.993913352 32.085494995 0.024022184 0.996620238 -0.078556120 -1.846270084 -0.996558249 0.030108616 0.077235758 41.132740021
0.084624588 0.080352224 0.993167818 32.649696350 0.020343432 0.996396065 -0.082346812 -1.885582209 -0.996205270 0.027173009 0.082684934 41.184825897
0.090386033 0.089028388 0.991919518 33.221889496 0.018510196 0.995674074 -0.091052063 -1.929147959 -0.995734811 0.026590466 0.088347137 41.245487213
0.097606540 0.093469381 0.990826190 33.793914795 0.017217804 0.995272338 -0.095584944 -1.977241635 -0.995076239 0.026389569 0.095535755 41.309688568
0.104092300 0.097057857 0.989820659 34.374526978 0.012162469 0.995028257 -0.098847553 -2.023213863 -0.994493425 0.022327937 0.102394283 41.390438080
0.111857295 0.094537184 0.989217222 34.962314606 0.009192858 0.995323420 -0.096160240 -2.079843044 -0.993681729 0.019849963 0.110465169 41.452812195
0.119964719 0.093078263 0.988405228 35.533683777 0.008800238 0.995456457 -0.094810382 -2.133185625 -0.992739201 0.020072103 0.118600547 41.510368347
0.127428532 0.089635581 0.987789273 36.118236542 0.008575011 0.995771289 -0.091466114 -2.181008577 -0.991810799 0.020125702 0.126121044 41.589607239
0.134287298 0.084180079 0.987360477 36.700325012 0.006781019 0.996283889 -0.085863128 -2.228545189 -0.990919232 0.018225644 0.133217454 41.682262421
0.141161859 0.076184213 0.987050891 37.287269592 0.003745221 0.996986330 -0.077486694 -2.283744335 -0.989979506 0.014634892 0.140451133 41.772811890
0.148283541 0.073991209 0.986173213 37.874046326 0.003681779 0.997148991 -0.075368322 -2.325981617 -0.988938153 0.014806764 0.147588372 41.874477386
0.156277120 0.075935580 0.984790027 38.446666718 0.003899887 0.996985137 -0.077494808 -2.367314100 -0.987705648 0.015951244 0.155509830 41.958351135
0.161753774 0.082970634 0.983336985 39.020454407 0.003862690 0.996398330 -0.084708102 -2.411431551 -0.986823618 0.017500184 0.160850704 42.063072205
0.166826606 0.085650057 0.982259154 39.603881836 0.002594676 0.996178269 -0.087304451 -2.466366291 -0.985982895 0.017113350 0.165966809 42.164409637
0.171667397 0.088645875 0.981158674 40.164260864 0.001358137 0.995921195 -0.090217270 -2.514034986 -0.985154092 0.016819917 0.170846820 42.273181915
0.176937819 0.088206805 0.980261564 40.718101501 -0.001021609 0.995991886 -0.089437872 -2.561478853 -0.984221578 0.014823504 0.176318705 42.376514435
0.182597995 0.084963024 0.979509771 41.271713257 0.002902705 0.996208251 -0.086952567 -2.612165928 -0.983183444 0.018720601 0.181658983 42.475719452
0.187250078 0.078713976 0.979153574 41.826507568 0.003952749 0.996715844 -0.080881730 -2.650417328 -0.982304394 0.019015471 0.186324000 42.581802368
0.190472662 0.072311521 0.979025722 42.356430054 0.002277780 0.997248173 -0.074100599 -2.694536209 -0.981689930 0.016344149 0.189783752 42.693092346
0.193436563 0.069334544 0.978659809 42.895053864 -0.001754493 0.997522652 -0.070324123 -2.733804703 -0.981111228 0.011886200 0.193078995 42.805091858
0.196821511 0.069751099 0.977955103 43.420009613 -0.003440637 0.997509122 -0.070453316 -2.770007133 -0.980433345 0.010501938 0.196571231 42.914234161
0.198772252 0.071407154 0.977440774 43.936225891 -0.005381759 0.997406602 -0.071771324 -2.811187267 -0.980030835 0.009005789 0.198641002 43.026157379
0.200057805 0.076482661 0.976794481 44.442070007 -0.009826392 0.997055113 -0.076056518 -2.844482899 -0.979734898 0.005617335 0.200220227 43.136604309
0.202353358 0.080629557 0.975987792 44.949974060 -0.011114877 0.996729791 -0.080038659 -2.885661602 -0.979249597 0.005348116 0.202587783 43.247112274
0.203640878 0.085591085 0.975297213 45.440429688 -0.011377521 0.996310890 -0.085059613 -2.924132586 -0.978979588 0.006225150 0.203863442 43.365756989
0.205265999 0.087920427 0.974749267 45.939483643 -0.010434393 0.996096790 -0.087648630 -2.958868504 -0.978650749 0.007820383 0.205382168 43.469715118
0.206741750 0.087694824 0.974457443 46.419090271 -0.012720268 0.996131778 -0.086946622 -3.002436638 -0.978312790 0.005580127 0.207057536 43.574840546
0.207412004 0.084358826 0.974609554 46.908920288 -0.012658067 0.996422946 -0.083553076 -3.047482729 -0.978171766 0.004993234 0.207737863 43.687232971
0.208315670 0.081700802 0.974643409 47.382705688 -0.012500305 0.996645987 -0.080873460 -3.086572170 -0.977981865 0.004663881 0.208638310 43.787094116
0.208185494 0.080796450 0.974746525 47.847129822 -0.012163978 0.996719062 -0.080019772 -3.124853373 -0.978013694 0.004802160 0.208485246 43.885585785
0.206367433 0.080109872 0.975189626 48.310249329 -0.012027502 0.996775210 -0.079337850 -3.160434484 -0.978400648 0.004643653 0.206665456 43.988479614
0.205212533 0.080981493 0.975361466 48.776229858 -0.013389744 0.996710002 -0.079936855 -3.199001312 -0.978625894 0.003344208 0.205621719 44.088031769
0.203530014 0.083780363 0.975477576 49.220413208 -0.014113221 0.996479571 -0.082639486 -3.238024712 -0.978967071 0.003052495 0.203995943 44.177131653
0.200325906 0.087177709 0.975843132 49.642814636 -0.012664210 0.996180475 -0.086394809 -3.279387236 -0.979647577 0.004948847 0.200664759 44.269737244
0.198570371 0.088078916 0.976120830 50.077690125 -0.010393027 0.996086895 -0.087766290 -3.314214230 -0.980031490 0.007282931 0.198708713 44.362762451
0.196629465 0.086876467 0.976621509 50.505615234 -0.011092767 0.996200085 -0.086384729 -3.347713709 -0.980415225 0.006152358 0.196845949 44.447330475
0.193724871 0.084251121 0.977431595 50.931606293 -0.010958899 0.996429324 -0.083716631 -3.378782749 -0.980994761 0.005506422 0.193956435 44.539920807
0.191392422 0.080517322 0.978205502 51.347938538 -0.010857534 0.996742249 -0.079918765 -3.416369677 -0.981453598 0.004674956 0.191643119 44.624473572
0.189415932 0.079592168 0.978665769 51.755172729 -0.007256705 0.996795535 -0.079662114 -3.453525543 -0.981870115 0.007987391 0.189386547 44.705207825
0.188024580 0.080441341 0.978864551 52.158309937 -0.003457699 0.996688426 -0.081241891 -3.489022493 -0.982158184 0.011890855 0.187680066 44.772495270
0.185763776 0.082799524 0.979099751 52.557205200 0.000670318 0.996432364 -0.084392488 -3.516885996 -0.982594371 0.016333379 0.185045481 44.843379974
0.183955312 0.084560826 0.979290545 52.952522278 -0.000095237 0.996294141 -0.086011186 -3.550396442 -0.982934654 0.015728954 0.183281660 44.918972015
0.181996226 0.086876631 0.979453921 53.342491150 -0.000428725 0.996096194 -0.088273130 -3.585835218 -0.983299255 0.015645467 0.181322992 45.002517700
0.181152701 0.085329339 0.979746163 53.750694275 0.001533564 0.996203125 -0.087046176 -3.616815805 -0.983453810 0.017271150 0.180334032 45.071994781
0.182074845 0.084552228 0.979642689 54.144668579 0.007269539 0.996153057 -0.087328337 -3.642519474 -0.983257830 0.023021854 0.180759788 45.141471863
0.184422612 0.082605943 0.979369521 54.549041748 0.012081154 0.996195912 -0.086300164 -3.675636053 -0.982772827 0.027747618 0.182723045 45.206432343
0.186410904 0.081039116 0.979123950 54.952682495 0.015731744 0.996218324 -0.085449070 -3.710934162 -0.982345939 0.031331968 0.184431076 45.285648346
0.189546943 0.080650471 0.978553891 55.354606628 0.013492785 0.996312797 -0.084727705 -3.743038177 -0.981779099 0.029263301 0.187759817 45.370410919
0.195157290 0.081312075 0.977395594 55.760047913 0.012440067 0.996271968 -0.085366368 -3.775324106 -0.980693161 0.028818745 0.193418264 45.455741882
0.201618314 0.080738068 0.976130903 56.163494110 0.013291795 0.996279478 -0.085150011 -3.802670002 -0.979373991 0.030142335 0.199795008 45.540882111
0.209309638 0.080767266 0.974508226 56.583099365 0.011194251 0.996319830 -0.084979385 -3.836368561 -0.977785408 0.028695900 0.207635164 45.631923676
0.217164695 0.078720085 0.972955704 56.997325897 0.012376405 0.996440768 -0.083382651 -3.863921404 -0.976056576 0.030149462 0.215417445 45.743537903
0.226186275 0.079296790 0.970851183 57.410606384 0.008297153 0.996487975 -0.083323807 -3.893850565 -0.974048853 0.026902007 0.224733949 45.836265564
0.235511601 0.078485250 0.968697369 57.843223572 0.006588250 0.996582031 -0.082346268 -3.935840845 -0.971849382 0.025775535 0.234189570 45.963798523
0.245345294 0.081551246 0.965999544 58.280479431 0.001953281 0.996411800 -0.084614798 -3.975175381 -0.969433844 0.022646716 0.244305670 46.077274323
0.254147470 0.084203780 0.963493109 58.709297180 -0.001547851 0.996236980 -0.086657129 -4.004292965 -0.967164278 0.020532355 0.253321409 46.208534241
0.264702082 0.086369693 0.960454762 59.144348145 -0.005220242 0.996094763 -0.088135958 -4.041699886 -0.964316189 0.018315978 0.264119208 46.342235565
0.275176644 0.088540733 0.957307994 59.590442657 -0.007199872 0.995911956 -0.090041615 -4.077383041 -0.961366832 0.017884865 0.274689198 46.473415375
0.284839034 0.088907152 0.954443455 60.038532257 -0.009666927 0.995905280 -0.089884415 -4.114434242 -0.958526611 0.016376060 0.284532189 46.616855621
0.295759022 0.088708706 0.951134801 60.508369446 -0.010420047 0.995919228 -0.089645430 -4.156463623 -0.955205798 0.016602580 0.295476496 46.769943237
0.305647552 0.089818746 0.947898924 60.970672607 -0.014834303 0.995869040 -0.089580916 -4.190657616 -0.952029288 0.013318777 0.305717349 46.930953979
0.315879166 0.084850624 0.944997787 61.440433502 -0.013505392 0.996294379 -0.084942132 -4.225324631 -0.948703408 0.014068890 0.315854549 47.094524384
0.327112615 0.077953190 0.941764712 61.927371979 -0.010010298 0.996821702 -0.079033479 -4.261192322 -0.944932461 0.016425509 0.326853275 47.261783600
0.337792754 0.073300123 0.938361943 62.415374756 -0.008678462 0.997163117 -0.074769288 -4.302317619 -0.941180527 0.017112978 0.337470591 47.448249817
0.348012626 0.069889225 0.934881151 62.909934998 -0.009373859 0.997426867 -0.071075529 -4.338409424 -0.937442958 0.015971739 0.347772300 47.640460968
0.357306361 0.067764699 0.931525767 63.410610199 -0.003523927 0.997455180 -0.071209133 -4.369747639 -0.933980644 0.022160856 0.356635869 47.834026337
0.366210341 0.062338192 0.928441644 63.921123505 0.003081802 0.997666776 -0.068201736 -4.398803234 -0.930526972 0.027837452 0.365163743 48.025833130
0.373559713 0.052857481 0.926099002 64.440109253 0.012623288 0.997993052 -0.062052716 -4.430173397 -0.927520335 0.034870815 0.372142732 48.225791931
0.380460560 0.048624314 0.923517942 64.947082520 0.018068263 0.998035371 -0.059991300 -4.459687233 -0.924620628 0.039510690 0.378834546 48.435619354
0.387651980 0.048451930 0.920531511 65.464630127 0.019966638 0.997942030 -0.060934711 -4.497519970 -0.921589494 0.042001378 0.385886788 48.655433655
0.394693553 0.054844212 0.917174518 65.970031738 0.021872159 0.997373223 -0.069052234 -4.527728081 -0.918552458 0.047315061 0.392457247 48.880340576
0.401954114 0.059660077 0.913714051 66.485900879 0.025260082 0.996772885 -0.076195538 -4.557931423 -0.915311217 0.053707600 0.399149954 49.101566315
0.407230914 0.061143570 0.911276281 66.996704102 0.024138868 0.996687531 -0.077661552 -4.599031448 -0.913006246 0.053623367 0.404406011 49.339363098
0.411558449 0.063017443 0.909202099 67.506622314 0.016316546 0.996937275 -0.076484263 -4.642848015 -0.911237359 0.046312779 0.409269750 49.579994202
0.415602684 0.066707537 0.907096803 68.009735107 0.009851661 0.996918201 -0.077826694 -4.683419704 -0.909492910 0.041281395 0.413664699 49.823196411
0.419508457 0.069617480 0.905077994 68.497856140 0.009024249 0.996685684 -0.080846630 -4.728760719 -0.907706678 0.042083494 0.417489827 50.056728363
0.423499286 0.073652051 0.902897477 68.978897095 0.005373724 0.996467650 -0.083805375 -4.776412964 -0.905880570 0.040343434 0.421607554 50.286872864
0.426828742 0.076408833 0.901098728 69.438217163 0.002825852 0.996306598 -0.085820548 -4.813904762 -0.904328108 0.039177053 0.425036371 50.512123108
0.430446625 0.075261436 0.899472833 69.916481018 0.001155302 0.996470928 -0.083930418 -4.859035969 -0.902615309 0.037166730 0.428840637 50.748188019
0.435292721 0.072231665 0.897386730 70.424133301 0.002319753 0.996682942 -0.081349373 -4.900671959 -0.900286019 0.037492517 0.433681309 50.992355347
0.438133180 0.069581434 0.896212995 70.877029419 0.001363292 0.996947050 -0.078068838 -4.948750496 -0.898909032 0.035426348 0.436700761 51.229198456
0.441619515 0.068663277 0.894571185 71.332229614 0.000021569 0.997066438 -0.076541007 -4.991465569 -0.897202492 0.033821303 0.440322459 51.460945129
0.444909751 0.070735164 0.892777681 71.780769348 -0.002095662 0.996955454 -0.077944860 -5.028369904 -0.895573020 0.032807473 0.443703413 51.691986084
0.448234200 0.070804939 0.891107678 72.225181580 -0.000906363 0.996893644 -0.078754492 -5.067830086 -0.893915772 0.034492791 0.446905971 51.914482117
0.449937344 0.069234274 0.890372396 72.652313232 0.000610352 0.996966362 -0.077831320 -5.107500076 -0.893059969 0.035562657 0.448530138 52.133544922
0.452580094 0.067908116 0.889134288 73.080497742 0.002796963 0.996983051 -0.077568814 -5.142429352 -0.891719341 0.037592981 0.451024771 52.331371307
0.454124570 0.067485362 0.888378739 73.504081726 0.003018599 0.997004867 -0.077280164 -5.168733120 -0.890933156 0.037776478 0.452560663 52.559394836
0.456274688 0.066562220 0.887346089 73.929237366 0.004710633 0.997003734 -0.077210166 -5.206716537 -0.889826596 0.039409012 0.454594016 52.779422760
0.458498836 0.068911716 0.886019170 74.317886353 0.003343683 0.996848226 -0.079261936 -5.237950325 -0.888688743 0.039304078 0.456823349 52.984947205
0.461351633 0.068719335 0.884552002 74.724052429 0.006540135 0.996705353 -0.080843441 -5.273485184 -0.887193203 0.043082342 0.459382236 53.197978973
0.464948475 0.068268925 0.882701755 75.124404907 0.007915948 0.996662140 -0.081252329 -5.308506012 -0.885302424 0.044765569 0.462856114 53.399642944
0.467947602 0.066469543 0.881253004 75.517723083 0.010431349 0.996682644 -0.080715030 -5.349597931 -0.883694649 0.046963066 0.465701878 53.612129211
0.470807493 0.065987550 0.879764736 75.898147583 0.011234911 0.996669590 -0.080768488 -5.387256145 -0.882164419 0.047910489 0.468498111 53.822978973
0.474954247 0.065572374 0.877564073 76.258804321 0.011779176 0.996656954 -0.080846213 -5.418539524 -0.879931688 0.048735239 0.472594082 53.988300323
0.477709174 0.064676806 0.876134038 76.634277344 0.013286069 0.996640444 -0.080816850 -5.444967270 -0.878417611 0.050247326 0.475244999 54.217212677
0.480949879 0.064344324 0.874383807 77.000869751 0.014576415 0.996578693 -0.081354104 -5.477316856 -0.876626968 0.051872633 0.478366494 54.419883728
0.485020161 0.065548256 0.872043014 77.366195679 0.013953909 0.996479869 -0.082662731 -5.513918400 -0.874391675 0.052261502 0.482398152 54.626060486
0.489292681 0.065771505 0.869636059 77.725906372 0.016174553 0.996296287 -0.084451430 -5.543692112 -0.871969700 0.055387445 0.486416638 54.825927734
0.493957460 0.068946496 0.866748214 78.085670471 0.013675723 0.996111751 -0.087030627 -5.585929871 -0.869378567 0.054842837 0.491093934 55.039234161
0.499200344 0.074419513 0.863284945 78.434608459 0.009660829 0.995764971 -0.091426402 -5.625325680 -0.866432786 0.053980142 0.496367216 55.249042511
0.505779862 0.081910774 0.858765066 78.776016235 0.004371755 0.995225787 -0.097501472 -5.656137466 -0.862651527 0.053068589 0.503007054 55.443813324
0.511123061 0.087758608 0.855015635 79.127532959 -0.000262380 0.994789660 -0.101948150 -5.695858955 -0.859507561 0.051883720 0.508482993 55.679409027
0.518011987 0.092428692 0.850364983 79.482353210 -0.003776759 0.994382203 -0.105781697 -5.730207443 -0.855365098 0.051584564 0.515450954 55.902278900
0.523573875 0.092789337 0.846912324 79.838600159 -0.008215237 0.994555235 -0.103886604 -5.769202232 -0.851940691 0.047434732 0.521485448 56.131664276
0.529083610 0.092191517 0.843546867 80.191101074 -0.014676359 0.994926274 -0.099530622 -5.804289818 -0.848442793 0.040279832 0.527752221 56.362384796
0.535296440 0.089696899 0.839888275 80.547515869 -0.020556044 0.995434463 -0.093207426 -5.838518143 -0.844414175 0.032628827 0.534696341 56.590225220
0.541007161 0.087530114 0.836450696 80.908500671 -0.027275676 0.995872200 -0.086571120 -5.882131577 -0.840575576 0.024020843 0.541161478 56.846446991
0.546676159 0.085490197 0.832968473 81.270874023 -0.030138407 0.996138811 -0.082457080 -5.925028801 -0.836801529 0.019972978 0.547141910 57.103061676
0.552897930 0.089094467 0.828472137 81.639854431 -0.035339899 0.995879889 -0.083512805 -5.957922935 -0.832499266 0.016895942 0.553768516 57.360591888
0.558882236 0.092796788 0.824038506 82.010269165 -0.038920715 0.995559156 -0.085715167 -5.990008354 -0.828333139 0.015832521 0.560012043 57.628353119
0.565005541 0.096415766 0.819434404 82.392616272 -0.042127036 0.995224595 -0.088052608 -6.025109291 -0.824010968 0.015229866 0.566369116 57.906932831
0.571367264 0.098599926 0.814750016 82.777969360 -0.044311658 0.995014966 -0.089340508 -6.060315132 -0.819497406 0.014943313 0.572888076 58.188083649
