1.000000000 0.000000000 0.000000000 0.000000000 0.000000000 1.000000000 0.000000000 0.000000000 0.000000000 0.000000000 1.000000000 0.000000000
0.999998271 0.001021349 0.001565944 -0.005596024 -0.001014211 0.999989152 -0.004552182 -0.002043969 -0.001570576 0.004550586 0.999988437 0.693626225
0.999996901 -0.000868137 0.002322144 -0.003755748 0.000881225 0.999983728 -0.005641002 0.002057757 -0.002317209 0.005643031 0.999981403 1.383011937
0.999993384 -0.002500655 0.002638932 -0.004632264 0.002505076 0.999995470 -0.001673254 0.004847069 -0.002634736 0.001679854 0.999995112 2.072024584
0.999985814 -0.004934189 0.002002989 -0.002316680 0.004925295 0.999978125 0.004421478 0.004070837 -0.002024762 -0.004411550 0.999988198 2.757624149
0.999962449 -0.008657306 0.000366629 0.000261890 0.008655553 0.999952257 0.004539540 0.005212245 -0.000405912 -0.004536196 0.999989629 3.436463594
0.999938130 -0.011119563 -0.000340451 -0.000163390 0.011120088 0.999936938 0.001582159 0.008938530 0.000322837 -0.001585847 0.999998689 4.113206387
0.999926865 -0.012006409 -0.001451331 -0.000436700 0.012003460 0.999925911 -0.002023292 0.012925504 0.001475516 0.002005723 0.999996901 4.785474777
0.999930382 -0.011639223 -0.001928876 -0.010790401 0.011634252 0.999929011 -0.002569213 0.012092465 0.001958643 0.002546593 0.999994814 5.457015991
0.999931931 -0.011289670 -0.002944486 -0.012163593 0.011288033 0.999936104 -0.000571782 0.009714648 0.002950753 0.000538505 0.999995530 6.126283646
0.999933898 -0.010922475 -0.003595715 -0.019803125 0.010931097 0.999937415 0.002386880 0.011200746 0.003569419 -0.002426028 0.999990702 6.794548035
0.999924242 -0.011372607 -0.004704483 -0.022227993 0.011391437 0.999927163 0.003995052 0.013385920 0.004658706 -0.004048340 0.999980927 7.457346916
0.999909699 -0.012467112 -0.005018665 -0.028672189 0.012489123 0.999912441 0.004378607 0.019320436 0.004963637 -0.004440890 0.999977827 8.116564751
0.999904692 -0.012453175 -0.005957968 -0.036833141 0.012479524 0.999912441 0.004405995 0.022526471 0.005902578 -0.004479928 0.999972522 8.780755997
0.999894083 -0.012946929 -0.006647022 -0.041807145 0.012969370 0.999910295 0.003344213 0.022128744 0.006603129 -0.003430067 0.999972343 9.425246239
0.999878466 -0.013393739 -0.007975312 -0.048914630 0.013404351 0.999909341 0.001278461 0.023176130 0.007957466 -0.001385210 0.999967396 10.086328506
0.999835193 -0.015309192 -0.009759611 -0.052616529 0.015303759 0.999882698 -0.000631166 0.032689761 0.009768129 0.000481703 0.999952197 10.724991798
0.999822199 -0.014951572 -0.011488915 -0.064174421 0.014940282 0.999887824 -0.001067830 0.031252526 0.011503593 0.000895993 0.999933422 11.375780106
0.999829710 -0.013446255 -0.012638303 -0.084276818 0.013424261 0.999908209 -0.001823516 0.029571006 0.012661662 0.001653546 0.999918461 12.027167320
0.999818981 -0.012581478 -0.014271775 -0.099562831 0.012552331 0.999918938 -0.002130024 0.032770365 0.014297416 0.001950495 0.999895871 12.676830292
0.999789238 -0.012674941 -0.016151709 -0.103193678 0.012665147 0.999919534 -0.000708463 0.025643660 0.016159391 0.000503750 0.999869287 13.310370445
0.999772370 -0.012845819 -0.017036144 -0.127572849 0.012851504 0.999917388 0.000224246 0.030155668 0.017031856 -0.000443135 0.999854863 13.961734772
0.999743581 -0.012669409 -0.018768461 -0.134172767 0.012686729 0.999919176 0.000804045 0.031506311 0.018756757 -0.001041949 0.999823511 14.581066132
0.999703467 -0.013780799 -0.020075852 -0.151878431 0.013804760 0.999904156 0.001055441 0.029886672 0.020059383 -0.001332271 0.999797881 15.212040901
0.999666274 -0.013804604 -0.021834364 -0.168099403 0.013821253 0.999904275 0.000611774 0.029677574 0.021823829 -0.000913348 0.999761403 15.840865135
0.999641716 -0.013673451 -0.023010936 -0.185425371 0.013699135 0.999905705 0.000958853 0.030681852 0.022995654 -0.001273740 0.999734759 16.465757370
0.999620736 -0.013489870 -0.024009382 -0.199239865 0.013552614 0.999905169 0.002452479 0.033795994 0.023974022 -0.002776939 0.999708712 17.083782196
0.999583602 -0.014484060 -0.024957458 -0.214043513 0.014629257 0.999877036 0.005645062 0.032969821 0.024872625 -0.006007821 0.999672592 17.694301605
0.999555588 -0.014340227 -0.026133256 -0.226749837 0.014514978 0.999873459 0.006509563 0.040999606 0.026036600 -0.006885993 0.999637246 18.297170639
0.999560058 -0.014011432 -0.026142100 -0.251354605 0.014159092 0.999884784 0.005471771 0.041616675 0.026062420 -0.005839512 0.999643266 18.896966934
0.999555945 -0.012338633 -0.027123984 -0.270370036 0.012420254 0.999918818 0.002842761 0.043461561 0.027086705 -0.003178386 0.999628007 19.480648041
0.999541223 -0.011997906 -0.027810350 -0.291422933 0.012035387 0.999926865 0.001180685 0.044890538 0.027794152 -0.001514852 0.999612510 20.056442261
0.999533951 -0.011111403 -0.028432049 -0.311041534 0.011136768 0.999937713 0.000733924 0.045835350 0.028422125 -0.001050223 0.999595463 20.638309479
0.999485433 -0.011280486 -0.030026108 -0.327285886 0.011291947 0.999936223 0.000212146 0.045489963 0.030021802 -0.000551090 0.999549091 21.203392029
0.999454021 -0.010620945 -0.031286135 -0.355750889 0.010609352 0.999943554 -0.000536547 0.044201586 0.031290069 0.000204329 0.999510348 21.757436752
0.999371469 -0.010794607 -0.033765957 -0.370385706 0.010783021 0.999941707 -0.000525188 0.043228459 0.033769660 0.000160759 0.999429643 22.324176788
0.999300182 -0.010651710 -0.035855938 -0.391678363 0.010680497 0.999942780 0.000611422 0.043620251 0.035847370 -0.000993954 0.999356806 22.874403000
0.999229491 -0.011024673 -0.037668459 -0.414470851 0.011138733 0.999933958 0.002819520 0.045161135 0.037634887 -0.003236926 0.999286294 23.404508591
0.999154270 -0.010300409 -0.039807636 -0.437466383 0.010492872 0.999934256 0.004628921 0.042687681 0.039757337 -0.005042703 0.999196649 23.948869705
0.999067962 -0.008741771 -0.042270314 -0.459585965 0.008937662 0.999950171 0.004447463 0.046675548 0.042229328 -0.004821115 0.999096334 24.474008560
0.998997808 -0.006603824 -0.044269867 -0.485431671 0.006783877 0.999969304 0.003918169 0.046815641 0.044242635 -0.004214563 0.999011934 24.994785309
0.998945296 -0.005097772 -0.045632739 -0.513662279 0.005248615 0.999981165 0.003186364 0.048865423 0.045615632 -0.003422512 0.998953223 25.499950409
0.998881161 -0.004406963 -0.047085620 -0.540867150 0.004610018 0.999980509 0.004204754 0.052298635 0.047066174 -0.004417115 0.998881996 26.004415512
0.998834431 -0.002993605 -0.048175443 -0.569919169 0.003295584 0.999975383 0.006190102 0.052209999 0.048155729 -0.006341653 0.998819709 26.504722595
0.998819351 -0.000545091 -0.048576307 -0.594934523 0.000878283 0.999976218 0.006838073 0.053637546 0.048571426 -0.006872663 0.998796046 27.008541107
0.998889446 0.003091604 -0.047014520 -0.628513515 -0.002858958 0.999983311 0.005014816 0.051935654 0.047029242 -0.004874835 0.998881638 27.479181290
0.998938918 0.004273462 -0.045856249 -0.646718919 -0.004188745 0.999989331 0.001943368 0.053969294 0.045864064 -0.001749226 0.998946130 27.953945160
0.999046564 0.005036819 -0.043365564 -0.675608695 -0.005051880 0.999987185 -0.000237719 0.060863737 0.043363813 0.000456570 0.999059260 28.421228409
0.999156654 0.006031326 -0.040615752 -0.687513947 -0.006017062 0.999981761 0.000473421 0.062044229 0.040617868 -0.000228635 0.999174714 28.896371841
0.999235094 0.010655558 -0.037626319 -0.711226821 -0.010536369 0.999938846 0.003364593 0.061707929 0.037659869 -0.002965575 0.999286234 29.346324921
0.999320209 0.014857437 -0.033739515 -0.733294249 -0.014615851 0.999865830 0.007395736 0.057141241 0.033844866 -0.006897577 0.999403298 29.787319183
0.999371290 0.020163892 -0.029161319 -0.753015816 -0.019938165 0.999769151 0.008010752 0.061697163 0.029316116 -0.007424293 0.999542594 30.228614807
0.999431431 0.023647852 -0.024032343 -0.764260769 -0.023461789 0.999692738 0.007994917 0.067275137 0.024214022 -0.007426530 0.999679208 30.664384842
0.999463439 0.027227536 -0.018207494 -0.774757326 -0.027049005 0.999584258 0.009980804 0.070366465 0.018471677 -0.009482955 0.999784410 31.072957993
0.999417841 0.032061648 -0.011661652 -0.783866942 -0.031928841 0.999425113 0.011401605 0.071275719 0.012020502 -0.011022625 0.999867022 31.468271255
0.999369025 0.035171535 -0.004945925 -0.783716619 -0.035115857 0.999323487 0.010926704 0.072498746 0.005326888 -0.010746130 0.999928057 31.858982086
0.999234259 0.039039716 0.002603211 -0.791660607 -0.039066419 0.999174476 0.011146128 0.075325914 -0.002165920 -0.011239292 0.999934494 32.234458923
0.999019384 0.043106571 0.010102231 -0.790460587 -0.043212824 0.999010205 0.010546659 0.078377292 -0.009637602 -0.010972862 0.999893367 32.586273193
0.998720169 0.047405668 0.017627930 -0.786459327 -0.047550745 0.998837531 0.007903545 0.081704229 -0.017232766 -0.008731651 0.999813378 32.920639038
0.998431087 0.049675778 0.025840251 -0.781281888 -0.049815789 0.998746872 0.004802754 0.083526663 -0.025569288 -0.006082471 0.999654531 33.240726471
0.998210609 0.049679331 0.033279382 -0.765395582 -0.049848303 0.998747706 0.004266578 0.087376334 -0.033025742 -0.005917864 0.999436975 33.562522888
0.997953057 0.048911456 0.041199692 -0.750644684 -0.049187023 0.998773336 0.005701032 0.085316539 -0.040870309 -0.007715851 0.999134660 33.844997406
0.997532427 0.050424892 0.048851203 -0.730871260 -0.050784890 0.998690665 0.006155531 0.088455960 -0.048476849 -0.008621244 0.998787105 34.120777130
0.996894479 0.053637262 0.057657629 -0.716226757 -0.054096144 0.998515069 0.006426402 0.092217311 -0.057227314 -0.009525500 0.998315752 34.384624481
0.996063411 0.058664434 0.066454247 -0.701761901 -0.059174165 0.998231232 0.005726548 0.092080191 -0.066000760 -0.009636379 0.997773051 34.619899750
0.995202959 0.062235869 0.075483456 -0.686918795 -0.062859543 0.998004854 0.005912552 0.090871036 -0.074964881 -0.010629045 0.997129500 34.840877533
0.994468629 0.061807454 0.084923550 -0.666242123 -0.062589310 0.998017728 0.006572641 0.089543477 -0.084348977 -0.011851591 0.996365786 35.041713715
0.993589401 0.060560279 0.095459491 -0.638686001 -0.061299123 0.998107791 0.004823789 0.086368613 -0.094986737 -0.010644448 0.995421648 35.235633850
0.992475688 0.059065711 0.107253015 -0.612293243 -0.059439253 0.998231888 0.000286590 0.088126495 -0.107046455 -0.006659472 0.994231701 35.428245544
0.990923226 0.059955802 0.120318376 -0.581515789 -0.059933331 0.998195112 -0.003808716 0.088334486 -0.120329566 -0.003436936 0.992728055 35.619865417
0.988762856 0.061764129 0.136136621 -0.555768073 -0.061532661 0.998087585 -0.005911702 0.087869361 -0.136241406 -0.002531576 0.990672410 35.803222656
0.986327112 0.063604943 0.152030200 -0.517327249 -0.063248895 0.997971952 -0.007181776 0.084123790 -0.152178675 -0.002532161 0.988349736 35.987277985
0.983496726 0.064349607 0.169095457 -0.483235240 -0.063849762 0.997924209 -0.008397639 0.084000200 -0.169284821 -0.002537653 0.985563934 36.172420502
0.980273962 0.063373826 0.187207773 -0.438753128 -0.062708102 0.997986853 -0.009482102 0.081965536 -0.187431827 -0.002444386 0.982274592 36.355186462
0.976475537 0.062265672 0.206442446 -0.391246080 -0.061547197 0.998054981 -0.009907018 0.081557140 -0.206657797 -0.003031994 0.978408575 36.533916473
0.971955240 0.062447663 0.226722896 -0.337501705 -0.061540764 0.998043120 -0.011073411 0.078555495 -0.226970732 -0.003189840 0.973896384 36.708591461
0.966723382 0.064579017 0.247538805 -0.282314777 -0.063275255 0.997908473 -0.013227317 0.076004595 -0.247875273 -0.002875925 0.968787670 36.878726959
0.960479558 0.066261455 0.270348817 -0.221549124 -0.064495936 0.997798860 -0.015419248 0.073547125 -0.270775467 -0.002626527 0.962638974 37.061264038
0.953251183 0.066994682 0.294658989 -0.154242694 -0.065018967 0.997747481 -0.016508447 0.068962902 -0.295101255 -0.003421724 0.955459893 37.239711761
0.944706678 0.070016339 0.320354491 -0.083907545 -0.068035632 0.997531414 -0.017386299 0.063927501 -0.320780963 -0.005370567 0.947138190 37.401329041
0.935001850 0.071837313 0.347290874 -0.003761053 -0.069909476 0.997389197 -0.018095145 0.053905398 -0.347684085 -0.007359924 0.937582850 37.570457458
0.923882902 0.072794758 0.375687808 0.083299041 -0.070634775 0.997310877 -0.019539466 0.049175262 -0.376099914 -0.008484442 0.926540256 37.740653992
0.911367953 0.070941918 0.405432761 0.183118939 -0.068054058 0.997448802 -0.021553881 0.042518318 -0.405927479 -0.007947825 0.913870752 37.905715942
0.896586120 0.067820206 0.437645674 0.289615750 -0.063685998 0.997678101 -0.024135411 0.036386132 -0.438266397 -0.006232424 0.898823559 38.067581177
0.879291713 0.067325450 0.471501231 0.400812626 -0.061148752 0.997723699 -0.028429639 0.031088591 -0.472342014 -0.003833762 0.881407022 38.227359772
0.859902740 0.069291823 0.505733073 0.524426699 -0.060700096 0.997594595 -0.033474118 0.022915423 -0.506836116 -0.001913564 0.862040281 38.387287140
0.838201106 0.070940293 0.540727615 0.658433676 -0.059994768 0.997480333 -0.037863538 0.017459035 -0.542051196 -0.000703564 0.840345144 38.559127808
0.813269377 0.074452937 0.577104509 0.784879208 -0.061559245 0.997223496 -0.041902237 0.013973236 -0.578621924 -0.001448313 0.815594614 38.712272644
0.786011755 0.078247003 0.613239646 0.942584515 -0.064378880 0.996924520 -0.044686936 0.001423240 -0.614850283 -0.004355224 0.788631856 38.883625031
0.756377280 0.082451865 0.648918450 1.113026142 -0.067838952 0.996562481 -0.047550812 -0.008797646 -0.650608480 -0.008055592 0.759370685 39.049613953
0.723193169 0.083441630 0.685586691 1.288211823 -0.067567602 0.996460855 -0.050003722 -0.023393393 -0.687332749 -0.010161102 0.726271629 39.211174011
0.686825156 0.080558978 0.722344398 1.490808487 -0.063571222 0.996688128 -0.050709691 -0.041378140 -0.724037170 -0.011091623 0.689671755 39.367481232
0.647524118 0.079352573 0.757902205 1.710982323 -0.060982909 0.996769726 -0.052260496 -0.054425597 -0.759600937 -0.012379147 0.650271654 39.530727386
0.604330301 0.077798240 0.792926490 1.909712791 -0.058497094 0.996867716 -0.053224348 -0.077861428 -0.794583619 -0.014218807 0.606988311 39.677585602
0.558245420 0.078688256 0.825935960 2.194924355 -0.055684514 0.996801138 -0.057330012 -0.082308769 -0.827805161 -0.013987621 0.560841441 39.840217590
0.509506822 0.076948375 0.857019126 2.470033646 -0.052423131 0.996919215 -0.058343355 -0.106818199 -0.858868182 -0.015201289 0.511970997 39.991695404
0.460226893 0.074570268 0.884664118 2.748828888 -0.050504968 0.997051597 -0.057769567 -0.128768206 -0.886363685 -0.018092820 0.462636113 40.122810364
0.411069512 0.073803298 0.908611536 3.122722626 -0.050689340 0.997025847 -0.058052264 -0.132086754 -0.910193682 -0.022193404 0.413587928 40.259124756
0.360805392 0.073567070 0.929735184 3.448591232 -0.053685214 0.996869445 -0.058045395 -0.147315979 -0.931094766 -0.028969929 0.363625348 40.372314453
0.311357498 0.073880844 0.947416544 3.783382416 -0.051532246 0.996818960 -0.060797829 -0.163178086 -0.948894620 -0.029892635 0.314174354 40.465591431
0.263718843 0.071210086 0.961967587 4.137096405 -0.040595531 0.997207105 -0.062689640 -0.179202557 -0.963744998 -0.022519143 0.265873134 40.544075012
0.220197022 0.065412961 0.973259807 4.503131866 -0.027447598 0.997769475 -0.060850330 -0.199772954 -0.975069284 -0.013314575 0.221501291 40.587699890
0.177183390 0.063954808 0.982097626 4.886381149 -0.018026792 0.997929871 -0.061733536 -0.224353194 -0.984012723 -0.006765915 0.177969515 40.641403198
0.139193952 0.065529019 0.988094687 5.272550583 -0.015702708 0.997828782 -0.063962519 -0.241676331 -0.990140676 -0.006612564 0.139920712 40.675407410
0.107720554 0.065922856 0.991993308 5.606266022 -0.006478852 0.997824490 -0.065606847 -0.262533426 -0.994160175 0.000640232 0.107913315 40.662311554
0.078310788 0.064192966 0.994860232 6.005651474 0.000596661 0.997921586 -0.064437471 -0.287434459 -0.996928871 0.005639747 0.078109682 40.681472778
0.053774118 0.062582664 0.996590137 6.417949677 0.007712126 0.997978270 -0.063085973 -0.309553027 -0.998523474 0.011078229 0.053182781 40.686107635
0.033712447 0.061489984 0.997538269 6.842880249 0.012276767 0.998004735 -0.061933648 -0.331127763 -0.999356210 0.014334481 0.032890260 40.693176270
0.018043101 0.063584298 0.997813463 7.249374390 0.015455671 0.997838855 -0.063865408 -0.346686840 -0.999717832 0.016574213 0.017021358 40.686542511
0.004584968 0.063587323 0.997965932 7.681156158 0.016361926 0.997837842 -0.063654348 -0.367060900 -0.999855757 0.016620506 0.003534675 40.683444977
-0.007084131 0.064190641 0.997912586 8.119815826 0.016896226 0.997802794 -0.064063638 -0.394490719 -0.999832213 0.016407119 -0.008153200 40.679519653
-0.015957713 0.066994421 0.997625768 8.565338135 0.021740906 0.997540116 -0.066640913 -0.423503399 -0.999636352 0.020625852 -0.017374992 40.666095734
-0.022399664 0.069057256 0.997361183 9.026390076 0.025957918 0.997315347 -0.068471096 -0.443101287 -0.999412060 0.024355689 -0.024132133 40.641685486
-0.027164698 0.068422705 0.997286618 9.485652924 0.026475066 0.997353971 -0.067706183 -0.466923237 -0.999280393 0.024564017 -0.028904319 40.630367279
-0.031021833 0.065691248 0.997357786 9.956958771 0.024295758 0.997592628 -0.064951040 -0.490209818 -0.999223530 0.022216672 -0.032543182 40.624252319
-0.033262968 0.058777303 0.997716963 10.458698273 0.021558948 0.998079121 -0.058079898 -0.517539382 -0.999214232 0.019577825 -0.034466267 40.607254028
-0.034140944 0.053195670 0.998000324 10.951656342 0.022991121 0.998359978 -0.052428335 -0.538463354 -0.999152601 0.021155195 -0.035308003 40.586593628
-0.034493208 0.050650608 0.998120606 11.447048187 0.026276220 0.998415649 -0.049757518 -0.561999559 -0.999059498 0.024510538 -0.035769463 40.565864563
-0.034601450 0.052635044 0.998014271 11.956150055 0.028809175 0.998249710 -0.051648639 -0.591682553 -0.998985946 0.026964849 -0.036057234 40.551445007
-0.033589125 0.060316283 0.997614026 12.458452225 0.030124273 0.997784853 -0.059312340 -0.611456633 -0.998981595 0.028060142 -0.035331726 40.538661957
-0.031883240 0.068667397 0.997130156 12.978477478 0.030725598 0.997233033 -0.067692041 -0.634218574 -0.999019384 0.028479185 -0.033904910 40.517395020
-0.029647350 0.069401756 0.997148395 13.498069763 0.031654309 0.997151494 -0.068460852 -0.658614039 -0.999059319 0.029534366 -0.031759858 40.502319336
-0.027626276 0.064769357 0.997517765 14.031744003 0.030991377 0.997474432 -0.063908234 -0.691058159 -0.999137819 0.029148899 -0.029563785 40.490364075
-0.024771929 0.058417268 0.997984946 14.563545227 0.030442961 0.997872293 -0.057655029 -0.721388459 -0.999229610 0.028953390 -0.026497602 40.475467682
-0.022238851 0.056886792 0.998133063 15.098106384 0.028407654 0.998012662 -0.056247011 -0.751968145 -0.999349117 0.027103754 -0.023810625 40.473186493
-0.018874168 0.062232517 0.997883201 15.658628464 0.036514468 0.997438073 -0.061514113 -0.782116890 -0.999154925 0.035276141 -0.021098256 40.457118988
-0.015647054 0.067749172 0.997579694 16.188640594 0.038261596 0.997011662 -0.067110464 -0.810933113 -0.999145269 0.037118915 -0.018192410 40.447170258
-0.012949109 0.068359539 0.997576773 16.721086502 0.032275587 0.997169077 -0.067912653 -0.839863181 -0.999395192 0.031317964 -0.015118837 40.446487427
-0.009737372 0.064621769 0.997862399 17.260395050 0.027930355 0.997537851 -0.064328209 -0.872769952 -0.999562562 0.027244274 -0.011518359 40.449405670
-0.005121231 0.061107613 0.998118222 17.814971924 0.031727366 0.997638524 -0.060915478 -0.908586860 -0.999483645 0.031355709 -0.007047892 40.445526123
-0.001876473 0.062015548 0.998073459 18.348615646 0.036379874 0.997418702 -0.061906468 -0.942493916 -0.999336362 0.036193620 -0.004127741 40.443794250
0.001077771 0.066525765 0.997784138 18.882101059 0.036345791 0.997122824 -0.066520937 -0.973173976 -0.999338746 0.036336947 -0.001343250 40.444335938
0.005122721 0.067532159 0.997704089 19.423320770 0.032517254 0.997178137 -0.067663535 -1.002351642 -0.999458134 0.032789223 0.002912283 40.449604034
0.008564055 0.067236640 0.997700393 19.969957352 0.031991616 0.997207701 -0.067478053 -1.032799244 -0.999451578 0.032495938 0.006389141 40.461212158
0.011827707 0.064326659 0.997858942 20.506244659 0.035835024 0.997260273 -0.064712837 -1.064833999 -0.999287903 0.036523707 0.009490132 40.471675873
0.015165508 0.064407237 0.997808576 21.054656982 0.040155619 0.997078896 -0.064970471 -1.103841305 -0.999078512 0.041052938 0.012534916 40.487770081
0.018398345 0.065485589 0.997684002 21.592876434 0.043180622 0.996869743 -0.066228449 -1.137586355 -0.998898029 0.044299107 0.015513062 40.500965118
0.021543741 0.065327264 0.997631431 22.138624191 0.043570526 0.996853471 -0.066217236 -1.171711326 -0.998818159 0.044893894 0.018629611 40.501731873
0.025186062 0.063873678 0.997640193 22.683507919 0.044942848 0.996875346 -0.064959332 -1.202481031 -0.998672068 0.046472862 0.022236705 40.514320374
0.029043436 0.063435197 0.997563362 23.226398468 0.046891604 0.996799052 -0.064751834 -1.230129480 -0.998477817 0.048657965 0.025975883 40.526348114
0.031767368 0.063204080 0.997494996 23.774761200 0.044994112 0.996896446 -0.064599097 -1.269418478 -0.998482168 0.046933547 0.028824985 40.547397614
0.034574211 0.065121122 0.997278214 24.330657959 0.042596560 0.996872008 -0.066571355 -1.300706863 -0.998493910 0.044782270 0.031692147 40.576805115
0.037669003 0.066040993 0.997105777 24.877571106 0.044276375 0.996723592 -0.067688383 -1.323849201 -0.998309076 0.046697993 0.034621537 40.596000671
0.040428221 0.064903334 0.997072339 25.416566849 0.042175077 0.996887922 -0.066601403 -1.359601736 -0.998291969 0.044744175 0.037565053 40.613861084
0.042712986 0.064989612 0.996971369 25.972143173 0.040653273 0.996942580 -0.066729426 -1.394049168 -0.998259902 0.043380361 0.039940357 40.645072937
0.046046495 0.065035142 0.996820092 26.523399353 0.037639558 0.997056901 -0.066789299 -1.429500341 -0.998229980 0.040595282 0.043463051 40.667961121
0.049078345 0.067447953 0.996515155 27.074115753 0.035986967 0.996950030 -0.069249764 -1.461214662 -0.998146534 0.039260224 0.046501398 40.706520081
0.051722050 0.070137471 0.996195614 27.624593735 0.035218965 0.996782124 -0.072007328 -1.504078388 -0.998040378 0.038809344 0.049085438 40.742252350
0.055257738 0.072244644 0.995855153 28.170663834 0.035963997 0.996587694 -0.074293360 -1.538399220 -0.997824371 0.039920218 0.052470982 40.769870758
0.058338642 0.075031079 0.995473266 28.739934921 0.029147275 0.996618390 -0.076825544 -1.571322441 -0.997871280 0.033497233 0.055954397 40.804954529
0.061249077 0.073908918 0.995382428 29.304384232 0.025622958 0.996809602 -0.075591557 -1.610153675 -0.997793674 0.030134564 0.059159935 40.845066071
0.064496458 0.074448302 0.995137095 29.863025665 0.027900159 0.996688902 -0.076372661 -1.649958372 -0.997527957 0.032690257 0.062205791 40.888282776
0.067936003 0.075574912 0.994823277 30.421447754 0.027141904 0.996617794 -0.077564761 -1.691389680 -0.997320473 0.032270838 0.065654933 40.932037354
0.071479976 0.077445142 0.994430959 30.993686676 0.023694364 0.996567965 -0.079314739 -1.720675945 -0.997160614 0.029231831 0.069399655 40.987976074
0.076195836 0.074746571 0.994287372 31.548156738 0.022591718 0.996800780 -0.076666817 -1.765901089 -0.996837020 0.028304359 0.074263453 41.023735046
0.081295550 0.074791081 0.993879974 32.123226166 0.023088479 0.996771634 -0.076897234 -1.807805061 -0.996422589 0.029198583 0.079306304 41.069099426
0.086031735 0.078153446 0.993222415 32.686252594 0.019460442 0.996596456 -0.080104582 -1.850931406 -0.996102393 0.026220081 0.084218025 41.130477905
0.091856420 0.086556830 0.992003202 33.257209778 0.017709911 0.995915353 -0.088538066 -1.896300077 -0.995614767 0.025701076 0.089948297 41.198799133
0.099877417 0.092068143 0.990731061 33.827278137 0.016678676 0.995415032 -0.094184831 -1.931911111 -0.994859993 0.025931027 0.097883940 41.243198395
0.106478333 0.094683662 0.989796638 34.411304474 0.011627536 0.995269120 -0.096458003 -1.984086514 -0.994247079 0.021779586 0.104873657 41.313289642
0.113403618 0.093296528 0.989159048 34.998966217 0.007853456 0.995466113 -0.094791792 -2.031210661 -0.993518054 0.018518053 0.112156749 41.391754150
0.120936036 0.091482237 0.988435924 35.588745117 0.008054160 0.995621145 -0.093132682 -2.083418846 -0.992627680 0.019224122 0.119669616 41.468379974
0.127751529 0.087892562 0.987904131 36.161972046 0.008008417 0.995941758 -0.089643285 -2.128553391 -0.991773903 0.019363623 0.126529217 41.551109314
0.135540664 0.082114175 0.987363279 36.738578796 0.004841570 0.996492803 -0.083538070 -2.186662436 -0.990760028 0.016103204 0.134667754 41.620410919
0.143008232 0.074831441 0.986888528 37.343349457 0.001871496 0.997115374 -0.075878099 -2.232368946 -0.989719748 0.012698151 0.142455637 41.717857361
0.149980605 0.072402716 0.986034393 37.928283691 0.002029851 0.997290373 -0.073537976 -2.274389029 -0.988686919 0.013030779 0.149427235 41.817523956
0.157217562 0.073796615 0.984802902 38.504436493 0.001631349 0.997183323 -0.074984781 -2.322029591 -0.987562716 0.013395486 0.156654358 41.911827087
0.162696898 0.080469251 0.983389318 39.067741394 0.002914634 0.996625245 -0.082034543 -2.361286879 -0.986671865 0.016212989 0.161913276 42.014942169
0.168135464 0.083366595 0.982232511 39.627555847 0.000677399 0.996407509 -0.084685653 -2.412129164 -0.985763729 0.014904026 0.167474926 42.109889984
0.173303246 0.087379724 0.980984569 40.193431854 -0.000747222 0.996067762 -0.088591233 -2.453382492 -0.984868169 0.014620129 0.172687054 42.215927124
0.178497732 0.086969271 0.980089366 40.749732971 -0.003402289 0.996134639 -0.087773450 -2.500816345 -0.983934581 0.012332827 0.178103626 42.321586609
0.183955431 0.083646037 0.979369044 41.306838989 0.000220202 0.996369004 -0.085139334 -2.551282883 -0.982934594 0.015877500 0.183269083 42.423629761
0.188490748 0.077036560 0.979048848 41.857967377 0.001463413 0.996895492 -0.078722574 -2.591191530 -0.982073903 0.016271235 0.187792838 42.532360077
0.191618085 0.071230069 0.978881419 42.406425476 -0.000428673 0.997368932 -0.072491437 -2.630667448 -0.981469452 0.013471056 0.191144466 42.647243500
0.194648266 0.067870051 0.978522241 42.943122864 -0.004310798 0.997652829 -0.068339437 -2.674028873 -0.980863631 0.009083943 0.194483936 42.763183594
0.197635293 0.067854360 0.977924407 43.466503143 -0.005843084 0.997665286 -0.068043239 -2.711948633 -0.980258286 0.007733651 0.197570324 42.874351501
0.199735284 0.069906712 0.977353036 43.981010437 -0.007818285 0.997533679 -0.069752395 -2.747884274 -0.979818761 0.006290790 0.199789226 42.981529236
0.201065600 0.074350961 0.976751983 44.491416931 -0.012311347 0.997228384 -0.073375329 -2.787182808 -0.979500353 0.002728119 0.201423705 43.097702026
0.203700662 0.078619711 0.975871384 44.996791840 -0.013426766 0.996901035 -0.077511273 -2.822428226 -0.978941143 0.002686307 0.204125047 43.203388214
0.204966307 0.084365323 0.975126326 45.489742279 -0.014228221 0.996429801 -0.083217748 -2.859050751 -0.978665650 0.003182523 0.205434918 43.318462372
0.207205892 0.086297899 0.974483728 45.996772766 -0.013197582 0.996257603 -0.085419923 -2.898573399 -0.978208423 0.004838694 0.207569361 43.425754547
0.208536506 0.085828692 0.974241376 46.468315125 -0.015277829 0.996306121 -0.084502339 -2.940420389 -0.977895379 0.002737541 0.209077477 43.533580780
0.209319293 0.082543030 0.974357367 46.949691772 -0.014761329 0.996584058 -0.081254825 -2.981291533 -0.977735996 0.002625402 0.209822714 43.637474060
0.209930778 0.080285966 0.974414349 47.422996521 -0.014839999 0.996769667 -0.078930736 -3.018036366 -0.977603674 0.002109688 0.210444093 43.742725372
0.209931552 0.079387888 0.974487782 47.900260925 -0.014219880 0.996840537 -0.078145534 -3.053389072 -0.977612734 0.002548117 0.210397124 43.846435547
0.208048761 0.078501672 0.974963188 48.357299805 -0.014513619 0.996912181 -0.077171862 -3.090961456 -0.978010774 0.001905266 0.208545685 43.950153351
0.206195116 0.079509407 0.975275338 48.808944702 -0.016384326 0.996834099 -0.077802986 -3.130904436 -0.978373826 0.000063371 0.206845045 44.052242279
0.204405546 0.081832200 0.975459814 49.245582581 -0.016620692 0.996646106 -0.080126718 -3.167182207 -0.978745222 0.000165526 0.205080092 44.142238617
0.202354014 0.085409522 0.975580990 49.679363251 -0.014442060 0.996341527 -0.084231511 -3.204071045 -0.979206026 0.002955187 0.202847183 44.230216980
0.200654328 0.086176664 0.975864589 50.115821838 -0.012359887 0.996266901 -0.085436963 -3.237316370 -0.979584277 0.005081736 0.200970411 44.319328308
0.198237956 0.085165218 0.976446927 50.542293549 -0.013298232 0.996359944 -0.084202215 -3.270626068 -0.980063736 0.003707055 0.198648870 44.412075043
0.195682764 0.082510293 0.977190077 50.967788696 -0.013555791 0.996586561 -0.081433520 -3.302109003 -0.980573595 0.002688553 0.196133316 44.501190186
0.193367600 0.078608543 0.977972209 51.379871368 -0.013618883 0.996904194 -0.077437505 -3.339110374 -0.981031835 0.001655012 0.193839490 44.583065033
0.191848755 0.077628762 0.978349566 51.787887573 -0.009990603 0.996969640 -0.077147104 -3.373174429 -0.981373668 0.005026273 0.192042947 44.658397675
0.190096736 0.079122774 0.978571892 52.189224243 -0.005963266 0.996821821 -0.079439968 -3.401354313 -0.981747270 0.009265795 0.189964354 44.732845306
0.186969995 0.081024177 0.979018629 52.585006714 -0.002298631 0.996626198 -0.082042411 -3.433767319 -0.982363045 0.013089072 0.186525404 44.817592621
0.185259521 0.083060533 0.979173124 52.982540131 -0.002720386 0.996460974 -0.084012330 -3.463732719 -0.982685983 0.012900364 0.184829831 44.895271301
0.184317589 0.085519671 0.979139209 53.377601624 -0.003030352 0.996252120 -0.086443901 -3.497536659 -0.982862115 0.012965996 0.183885992 44.961677551
0.182921529 0.083908841 0.979540348 53.778301239 -0.001392219 0.996372223 -0.085090712 -3.531507492 -0.983126640 0.014201198 0.182374716 45.039772034
0.183725357 0.082516670 0.979508162 54.179885864 0.004725873 0.996384680 -0.084824838 -3.559671640 -0.982966423 0.020213515 0.182671130 45.109909058
0.186011910 0.080679476 0.979229629 54.584419250 0.009466521 0.996429622 -0.083894849 -3.590031147 -0.982502043 0.024875345 0.184584022 45.180988312
0.187393725 0.080273762 0.978999436 54.980674744 0.012071867 0.996391714 -0.084010594 -3.617288828 -0.982210815 0.027561413 0.185748518 45.266605377
0.190651000 0.079437055 0.978438556 55.377758026 0.009494521 0.996524632 -0.082755454 -3.657106400 -0.981612027 0.025067218 0.189234197 45.350852966
0.196483016 0.080401599 0.977205336 55.775161743 0.008377437 0.996458292 -0.083670102 -3.684749603 -0.980471551 0.024626233 0.195113540 45.433231354
0.203317285 0.079113148 0.975911438 56.180000305 0.009317130 0.996528804 -0.082725599 -3.718732119 -0.979068577 0.025912236 0.201874435 45.506145477
0.210338533 0.079566315 0.974385440 56.590362549 0.007655289 0.996517956 -0.083026148 -3.744880915 -0.977598727 0.024922805 0.208997011 45.607429504
0.218363643 0.077736177 0.972766399 57.007015228 0.007953174 0.996647358 -0.081429876 -3.774693727 -0.975835085 0.025517913 0.217013299 45.714550018
0.227723360 0.076981798 0.970678151 57.426055908 0.004777215 0.996769607 -0.080171794 -3.810976744 -0.973714292 0.022894140 0.226620018 45.814971924
0.237600505 0.076972887 0.968308389 57.852676392 0.003255423 0.996786714 -0.080035493 -3.843867302 -0.971357524 0.022168729 0.236586452 45.925075531
0.247607231 0.080333211 0.965524435 58.279304504 -0.001759060 0.996592224 -0.082467005 -3.878073931 -0.968858957 0.018721014 0.246904790 46.041778564
0.256398916 0.082608797 0.963034451 58.710525513 -0.005519725 0.996450007 -0.084005594 -3.909563303 -0.966555297 0.016223256 0.255944669 46.176658630
0.267211080 0.085174680 0.959866405 59.128173828 -0.008921925 0.996262014 -0.085920572 -3.939361572 -0.963596702 0.014395073 0.266972184 46.294097900
0.277168155 0.086795762 0.956893146 59.572662354 -0.010143075 0.996120274 -0.087415919 -3.975568771 -0.960767925 0.014523074 0.276973188 46.436729431
0.287087500 0.087266028 0.953921139 60.023777008 -0.013045896 0.996105492 -0.087198898 -4.013446331 -0.957815588 0.012588967 0.287107944 46.580726624
0.297580719 0.087531030 0.950675607 60.484603882 -0.013799246 0.996078432 -0.087391935 -4.050110817 -0.954596996 0.012887552 0.297621548 46.730514526
0.307851732 0.089040115 0.947258830 60.943660736 -0.018437136 0.995982647 -0.087628111 -4.079963684 -0.951255798 0.009511743 0.308256626 46.888237000
0.318108380 0.084441245 0.944286406 61.418373108 -0.018085625 0.996384799 -0.083007440 -4.113638878 -0.947881877 0.009327356 0.318485498 47.051929474
0.329154134 0.077498883 0.941090643 61.903682709 -0.014643114 0.996925473 -0.076975338 -4.150223255 -0.944162786 0.011556260 0.329276919 47.220546722
0.340138376 0.072908103 0.937544763 62.389171600 -0.012712158 0.997255325 -0.072939560 -4.185104847 -0.940289438 0.012891322 0.340131640 47.404205322
0.349998415 0.069728650 0.934151530 62.874431610 -0.014111346 0.997505069 -0.069170505 -4.222015381 -0.936644077 0.011027439 0.350109160 47.594329834
0.359888196 0.067190491 0.930572867 63.379428864 -0.007023396 0.997570336 -0.069311708 -4.247314453 -0.932968974 0.018408684 0.359485686 47.787662506
0.368409157 0.061780430 0.927608788 63.885200500 -0.000328718 0.997798026 -0.066324614 -4.274439812 -0.929663837 0.024129679 0.367618263 47.986820221
0.375460923 0.052486219 0.925351024 64.405761719 0.009108657 0.998138130 -0.060310569 -4.304465294 -0.926793575 0.031072970 0.374283791 48.192214966
0.382200420 0.048077613 0.922827959 64.920913696 0.014233740 0.998220861 -0.057900522 -4.334969521 -0.923969865 0.035264898 0.380836129 48.405529022
0.389829159 0.048088782 0.919630766 65.440299988 0.016262263 0.998120368 -0.059086651 -4.370162010 -0.920743585 0.037988983 0.388314426 48.623935699
0.397183597 0.054660019 0.916110039 65.952140808 0.018245388 0.997557163 -0.067429967 -4.399455070 -0.917557836 0.043496858 0.395216048 48.845115662
0.404444933 0.058659248 0.912679255 66.464614868 0.022120280 0.997021616 -0.073882446 -4.433561802 -0.914294779 0.050070100 0.401942790 49.068767548
0.409830689 0.060559165 0.910149157 66.975189209 0.020498570 0.996930242 -0.075563677 -4.472135544 -0.911931336 0.049625076 0.407331228 49.304416656
0.413952231 0.062316176 0.908163071 67.488670349 0.012883995 0.997153044 -0.074295156 -4.514371395 -0.910207391 0.042455412 0.411970854 49.550987244
0.417665184 0.066017225 0.906199574 67.985153198 0.006307412 0.997122228 -0.075548083 -4.554091454 -0.908579230 0.037269577 0.416046858 49.794631958
0.421913207 0.068961404 0.904009759 68.478340149 0.005501546 0.996889949 -0.078614317 -4.596986771 -0.906619608 0.038141876 0.420221627 50.029479980
0.425966024 0.073500559 0.901748657 68.965019226 0.001736362 0.996626377 -0.082054153 -4.638384819 -0.904737473 0.036518045 0.424401343 50.263484955
0.429118276 0.076129019 0.900034368 69.432327271 -0.000891846 0.996477008 -0.083861373 -4.678574562 -0.903247893 0.035183758 0.427674413 50.499111176
0.433244765 0.074845135 0.898163259 69.924453735 -0.002203174 0.996630907 -0.081987843 -4.720387459 -0.901273668 0.033542007 0.431950033 50.739971161
0.437485576 0.071639031 0.896367252 70.406135559 -0.001466144 0.996877015 -0.078956351 -4.768677235 -0.899224222 0.033228062 0.436224341 50.976078033
0.441018939 0.068810776 0.894856036 70.866279602 -0.001201667 0.997100949 -0.076080769 -4.803412914 -0.897496998 0.032477740 0.439823091 51.198947906
0.444578469 0.068021789 0.893153429 71.321411133 -0.002327938 0.997196794 -0.074786879 -4.842510223 -0.895736933 0.031169435 0.443490565 51.433082581
0.447912991 0.069840506 0.891345203 71.770378113 -0.004506763 0.997108102 -0.075862743 -4.880854607 -0.894065797 0.029962830 0.446932435 51.665649414
0.450580180 0.070306100 0.889963329 72.203903198 -0.003751151 0.997034431 -0.076865435 -4.917946339 -0.892728150 0.031295657 0.449507654 51.885444641
0.452724159 0.068613738 0.889006734 72.636711121 -0.001907546 0.997107089 -0.075985536 -4.956880569 -0.891648531 0.032704670 0.451545358 52.108821869
0.454871714 0.067241356 0.888014793 73.065620422 0.000196580 0.997137845 -0.075604945 -4.992197037 -0.890556931 0.034565117 0.453556538 52.317558289
0.456874192 0.066899709 0.887012064 73.492988586 -0.000546262 0.997188807 -0.074928030 -5.026371002 -0.889531195 0.033748146 0.455626369 52.538623810
0.458917022 0.066211045 0.886008620 73.909324646 0.000943400 0.997182488 -0.075007662 -5.060041428 -0.888478637 0.035258152 0.457561553 52.751857758
0.461344004 0.068082929 0.884605348 74.315605164 0.000191260 0.997043669 -0.076836415 -5.094221115 -0.887221396 0.035617210 0.459967077 52.970420837
0.463936269 0.067892253 0.883263171 74.719345093 0.003259916 0.996921301 -0.078340903 -5.129962444 -0.885862648 0.039224558 0.462286651 53.188179016
0.467003644 0.067056939 0.881709158 75.115371704 0.004890488 0.996909320 -0.078408584 -5.167102814 -0.884241879 0.040929087 0.465232372 53.399372101
0.470294356 0.065111339 0.880104423 75.499824524 0.007609325 0.996938288 -0.077821009 -5.206396103 -0.882476807 0.043295778 0.468358994 53.605049133
0.473617852 0.064552084 0.878361702 75.872055054 0.008740326 0.996916771 -0.077977717 -5.235222340 -0.880687118 0.044608802 0.471593380 53.794773102
0.476988077 0.064168803 0.876564264 76.247650146 0.009995928 0.996870697 -0.078415185 -5.265372276 -0.878852963 0.046165191 0.474853992 53.999862671
0.480351210 0.063369058 0.874784112 76.617416382 0.010181405 0.996916473 -0.077806987 -5.301966667 -0.877017260 0.046281211 0.478224814 54.206058502
0.483864009 0.062878452 0.872881413 76.984207153 0.011925695 0.996849120 -0.078419298 -5.330454350 -0.875061989 0.048353996 0.481589556 54.408008575
0.487570584 0.064040929 0.870731771 77.344284058 0.011622813 0.996741772 -0.079817027 -5.363351822 -0.873006284 0.049036786 0.485237658 54.614002228
0.491505980 0.064496852 0.868482649 77.703750610 0.013207147 0.996587098 -0.081484787 -5.394988060 -0.870774090 0.051520441 0.488976657 54.822406769
0.496953368 0.067414805 0.865154743 78.057250977 0.011173004 0.996398091 -0.084059477 -5.433547020 -0.867705345 0.051440019 0.494410157 55.018901825
0.502596736 0.073315799 0.861406624 78.406852722 0.007552136 0.995987177 -0.089176573 -5.467262268 -0.864488065 0.051325329 0.500026226 55.225677490
0.508506060 0.080484696 0.857288659 78.753974915 0.002331696 0.995489538 -0.094842456 -5.499448776 -0.861055315 0.050226904 0.506024837 55.441417694
0.514576912 0.086622223 0.853057563 79.101463318 -0.002975777 0.995058417 -0.099246427 -5.537191391 -0.857439101 0.048531413 0.512291908 55.659080505
0.520297348 0.091020584 0.849120677 79.444587708 -0.006863080 0.994717360 -0.102422327 -5.577723503 -0.853957593 0.047462482 0.518173456 55.899215698
0.525622129 0.091519549 0.845781028 79.805122375 -0.010554943 0.994821548 -0.101087295 -5.606839180 -0.850652635 0.044206552 0.523866236 56.131374359
0.531257868 0.090615168 0.842350304 80.162590027 -0.016993929 0.995203376 -0.096340396 -5.642592430 -0.847039759 0.036866762 0.530249536 56.369174957
0.536858082 0.088440292 0.839024246 80.517410278 -0.023395993 0.995668590 -0.089981772 -5.678037643 -0.843348086 0.028677633 0.536601841 56.607349396
0.542683959 0.086399511 0.835481405 80.883880615 -0.029221103 0.996035337 -0.084022388 -5.715269089 -0.839428544 0.021183919 0.543057084 56.868816376
0.548731923 0.084563091 0.831710517 81.249092102 -0.032047503 0.996267438 -0.080150440 -5.751274109 -0.835383952 0.017326858 0.549393773 57.118350983
0.555041611 0.088200592 0.827133298 81.618103027 -0.037448592 0.996003985 -0.081078365 -5.785005569 -0.830979228 0.014026888 0.556126595 57.379352570
0.561612368 0.092034191 0.822265983 81.988876343 -0.040804107 0.995665908 -0.083572976 -5.812159538 -0.826393723 0.013383783 0.562933624 57.639362335
0.567137718 0.095771357 0.818035901 82.366271973 -0.044042807 0.995321810 -0.085992545 -5.846427917 -0.822444618 0.012741022 0.568702579 57.922145844
0.573236942 0.097428411 0.813576758 82.760124207 -0.045984790 0.995166183 -0.086773962 -5.885681629 -0.818098247 0.012329888 0.574946284 58.213222504
