1.000000000 0.000000000 0.000000000 0.000000000 0.000000000 1.000000000 0.000000000 0.000000000 0.000000000 0.000000000 1.000000000 0.000000000
0.999994814 0.000112027 0.003217509 -0.001804824 -0.000100600 0.999993682 -0.003551441 0.019108674 -0.003217886 0.003551098 0.999988496 0.619954407
0.999977171 -0.002898237 0.006103691 -0.006206186 0.002915509 0.999991775 -0.002822822 0.016963977 -0.006095460 0.002840553 0.999977410 1.232905626
0.999958694 -0.005591838 0.007161556 0.008133839 0.005565735 0.999977827 0.003659604 -0.000016410 -0.007181861 -0.003619594 0.999967635 1.872280002
0.999921679 -0.009102105 0.008592309 0.002097185 0.009000466 0.999889910 0.011794559 0.001903307 -0.008698719 -0.011716300 0.999893546 2.523534298
0.999871492 -0.013779208 0.008195039 0.026718058 0.013685651 0.999841750 0.011364901 0.046607301 -0.008350341 -0.011251285 0.999901831 3.160233259
0.999849737 -0.015390707 0.007976162 0.058290429 0.015315069 0.999837995 0.009458882 0.062615253 -0.008120448 -0.009335305 0.999923468 3.822922230
0.999832809 -0.016058901 0.008746672 0.063696004 0.016004490 0.999852359 0.006255709 0.095455579 -0.008845842 -0.006114677 0.999942183 4.472885609
0.999844313 -0.015349964 0.008700826 0.078578055 0.015307412 0.999870658 0.004936179 0.145909488 -0.008775472 -0.004802223 0.999949992 5.138318539
0.999880016 -0.012683602 0.008890150 0.074953251 0.012615245 0.999890745 0.007703517 0.151471585 -0.008986887 -0.007590441 0.999930799 5.759478092
0.999901056 -0.010818661 0.008989183 0.079611309 0.010720474 0.999883115 0.010900086 0.171995237 -0.009106057 -0.010802640 0.999900162 6.399470806
0.999888599 -0.011341864 0.009701584 0.076392837 0.011212248 0.999848545 0.013311949 0.190890521 -0.009851097 -0.013201689 0.999864340 6.971617699
0.999815106 -0.012462121 0.014642881 0.036265973 0.012224970 0.999794424 0.016174940 0.190766603 -0.014841445 -0.015992941 0.999761939 7.553459644
0.999783337 -0.011491419 0.017356036 0.034282096 0.011157217 0.999752820 0.019231258 0.188056514 -0.017572740 -0.019033445 0.999664426 8.179346085
0.999698520 -0.011078523 0.021912592 -0.003084840 0.010685916 0.999781728 0.017953642 0.230448559 -0.022106709 -0.017714072 0.999598682 8.801132202
0.999697685 -0.012114868 0.021396467 0.036673494 0.011850582 0.999852419 0.012435707 0.312496185 -0.021543967 -0.012178387 0.999693751 9.464200974
0.999716282 -0.013746433 0.019453272 0.093968913 0.013546910 0.999854684 0.010351391 0.363839626 -0.019592740 -0.010084922 0.999757171 10.113119125
0.999727845 -0.013405659 0.019094033 0.124602236 0.013220907 0.999864876 0.009769466 0.402353436 -0.019222418 -0.009514365 0.999769986 10.781142235
0.999758303 -0.012176874 0.018304007 0.159037709 0.012008100 0.999884605 0.009302417 0.437802702 -0.018415170 -0.009080373 0.999789178 11.414134979
0.999816298 -0.011113970 0.015617438 0.216479242 0.010974722 0.999899507 0.008973746 0.479954571 -0.015715603 -0.008800700 0.999837756 12.061028481
0.999849916 -0.011145649 0.013261316 0.273618400 0.011028847 0.999900043 0.008848588 0.528336704 -0.013358613 -0.008701003 0.999872923 12.713620186
0.999894977 -0.009390675 0.011038760 0.324322641 0.009265814 0.999893129 0.011308417 0.548273802 -0.011143774 -0.011204947 0.999875128 13.352153778
0.999893248 -0.010284755 0.010379809 0.352099091 0.010157164 0.999873102 0.012271029 0.578446209 -0.010504696 -0.012164290 0.999870837 13.993539810
0.999893129 -0.011543406 0.008972447 0.391068220 0.011435185 0.999862373 0.012020712 0.608364999 -0.009109972 -0.011916825 0.999887466 14.637863159
0.999837279 -0.016361240 0.007601073 0.405102253 0.016266152 0.999790728 0.012407463 0.621276677 -0.007802484 -0.012281803 0.999894142 15.232050896
0.999773502 -0.019832984 0.007721375 0.392676085 0.019723065 0.999706626 0.014060501 0.606159329 -0.007997971 -0.013905028 0.999871314 15.837491989
0.999669611 -0.024229040 0.008579765 0.356000185 0.024074839 0.999554515 0.017641762 0.587022364 -0.009003387 -0.017429376 0.999807537 16.448280334
0.999566078 -0.027888231 0.009481383 0.329320192 0.027674966 0.999376476 0.021925488 0.567427874 -0.010086934 -0.021653576 0.999714673 17.065681458
0.999544680 -0.028222693 0.010672580 0.319545299 0.027951760 0.999303162 0.024735712 0.572875500 -0.011363250 -0.024426132 0.999637067 17.687938690
0.999510705 -0.029140849 0.011366715 0.311510056 0.028843485 0.999258578 0.025501925 0.569190681 -0.012101435 -0.025161590 0.999610126 18.276330948
0.999571800 -0.026627857 0.012132344 0.299536407 0.026326880 0.999357343 0.024326464 0.590482950 -0.012772308 -0.023996642 0.999630451 18.876951218
0.999666035 -0.022923877 0.011930368 0.326487124 0.022633458 0.999457300 0.023933770 0.608558118 -0.012472549 -0.023655752 0.999642372 19.463716507
0.999708056 -0.020947285 0.012043418 0.342418909 0.020656232 0.999503255 0.023803679 0.642359495 -0.012536058 -0.023547957 0.999644101 20.015291214
0.999707699 -0.021319456 0.011399849 0.357240856 0.021039639 0.999487460 0.024126703 0.666507185 -0.011908376 -0.023879802 0.999643922 20.527423859
0.999693096 -0.022816144 0.009648146 0.379751503 0.022570763 0.999437094 0.024819715 0.682341516 -0.010209005 -0.024594331 0.999645412 21.035640717
0.999653339 -0.025099402 0.007954066 0.393567115 0.024888175 0.999361753 0.025626553 0.701045334 -0.008592200 -0.025419706 0.999639928 21.552289963
0.999592721 -0.027718909 0.006787910 0.409678102 0.027515456 0.999217093 0.028427036 0.718224943 -0.007570562 -0.028228687 0.999572814 22.083303452
0.999571264 -0.028764328 0.005469209 0.424589843 0.028580567 0.999106348 0.031139810 0.755170524 -0.006360036 -0.030970145 0.999500096 22.563362122
0.999581993 -0.028687611 0.003586240 0.439249963 0.028552249 0.999035537 0.033357747 0.785883725 -0.004539735 -0.033241406 0.999437034 23.028608322
0.999555826 -0.029637665 0.003132371 0.423376530 0.029513203 0.998977542 0.034245979 0.820148468 -0.004144139 -0.034138318 0.999408543 23.444244385
0.999545336 -0.030012799 0.002887895 0.393813103 0.029897729 0.998977184 0.033922687 0.854860485 -0.003903056 -0.033820920 0.999420285 23.877973557
0.999563694 -0.029483898 0.001758570 0.388486505 0.029407701 0.998996079 0.033792976 0.874005973 -0.002753153 -0.033726517 0.999427319 24.403953552
0.999566615 -0.029433630 0.000430420 0.398131788 0.029399365 0.998926461 0.035799090 0.895491838 -0.001483655 -0.035770919 0.999358892 24.921445847
0.999646246 -0.026564833 -0.001314037 0.427413166 0.026595686 0.998910725 0.038340703 0.913631439 0.000294092 -0.038362086 0.999263883 25.443519592
0.999716938 -0.023771381 -0.000954646 0.433916926 0.023790525 0.998958886 0.038924351 0.959068835 0.000028366 -0.038936049 0.999241710 25.953800201
0.999787688 -0.020590995 0.000754441 0.447792530 0.020548780 0.999098778 0.037140310 1.003190756 -0.001518517 -0.037116922 0.999309778 26.430934906
0.999816656 -0.019039053 0.002046685 0.484632313 0.018954918 0.999196053 0.035327125 1.014795423 -0.002717635 -0.035281856 0.999373734 26.864236832
0.999858201 -0.015992956 0.005273787 0.502211869 0.015793523 0.999230325 0.035906795 1.011995316 -0.005843984 -0.035818409 0.999341249 27.290336609
0.999864817 -0.012532157 0.010645304 0.480845541 0.012104145 0.999151707 0.039361633 0.998628438 -0.011129560 -0.039227456 0.999168336 27.763320923
0.999873400 -0.007696481 0.013924425 0.497024775 0.007065893 0.998971760 0.044782408 0.987083077 -0.014254774 -0.044678353 0.998899698 28.177083969
0.999840498 -0.002629247 0.017664181 0.513474166 0.001728872 0.998707592 0.050795037 0.975329340 -0.017774904 -0.050756399 0.998552859 28.592967987
0.999749243 0.002489212 0.022253107 0.538722157 -0.003647461 0.998632014 0.052160766 1.021363258 -0.022092827 -0.052228857 0.998390734 29.000902176
0.999613941 0.006321594 0.027056608 0.577219188 -0.007739643 0.998584032 0.052630834 1.064190149 -0.026685588 -0.052819923 0.998247445 29.392988205
0.999414027 0.010565296 0.032556914 0.615570426 -0.012354527 0.998395801 0.055255275 1.104876041 -0.031920895 -0.055625122 0.997941315 29.826318741
0.999088764 0.015850039 0.039628204 0.622911930 -0.018122541 0.998171747 0.057660062 1.116751432 -0.038641844 -0.058325682 0.997549474 30.227050781
0.998718500 0.018534321 0.047093373 0.635705292 -0.021247648 0.998102963 0.057784364 1.135243773 -0.045933042 -0.058710940 0.997217715 30.614656448
0.998242617 0.022697508 0.054740760 0.647605896 -0.025909416 0.997939527 0.058697421 1.153660178 -0.053295683 -0.060012568 0.996773839 30.985279083
0.997784555 0.027124923 0.060746782 0.711642146 -0.030714683 0.997787595 0.058961585 1.172563076 -0.059013061 -0.060696781 0.996410251 31.296352386
0.997334123 0.030095456 0.066474468 0.768750846 -0.033848371 0.997852862 0.056071144 1.199468017 -0.064644247 -0.058171716 0.996211410 31.555341721
0.996830523 0.031530648 0.073039189 0.831563354 -0.035397276 0.998005748 0.052263927 1.234329462 -0.071245611 -0.054683667 0.995958686 31.789297104
0.996304095 0.032167304 0.079645917 0.883306324 -0.036346968 0.998006344 0.051596582 1.271094680 -0.077827409 -0.054300770 0.995486975 32.008419037
0.995880127 0.030667353 0.085336283 0.949900091 -0.035285685 0.997963071 0.053147689 1.281430364 -0.083532557 -0.055939876 0.994933665 32.184631348
0.995238006 0.033637267 0.091486722 1.019256592 -0.038740318 0.997757196 0.054587308 1.298574448 -0.089445367 -0.057871591 0.994309008 32.378540039
0.994491994 0.036293324 0.098328359 1.085510612 -0.041816991 0.997626305 0.054709431 1.324650049 -0.096109368 -0.058519889 0.993649065 32.561988831
0.993564904 0.041262250 0.105480798 1.142214298 -0.047209930 0.997395754 0.054525003 1.344260693 -0.102956273 -0.059153870 0.992925406 32.745227814
0.992590189 0.044800729 0.112949371 1.190981269 -0.051229745 0.997189224 0.054673519 1.362673044 -0.110182479 -0.060054768 0.992095411 32.895286560
0.991624594 0.044432525 0.121269807 1.234300852 -0.051391680 0.997169912 0.054873358 1.388867736 -0.118488446 -0.060646031 0.991101682 33.040100098
0.990352571 0.043400817 0.131598592 1.287799120 -0.050786063 0.997286737 0.053291194 1.401179075 -0.128928661 -0.059460446 0.989869595 33.237224579
0.988773465 0.042849839 0.143146649 1.332183480 -0.050373502 0.997510254 0.049353756 1.417024374 -0.140675440 -0.056010485 0.988470137 33.396884918
0.986847758 0.044671971 0.155357301 1.390898585 -0.052291516 0.997603536 0.045307510 1.440821767 -0.152961016 -0.052835487 0.986818790 33.561569214
0.984349787 0.047565699 0.169684961 1.451575518 -0.055713117 0.997495353 0.043578617 1.453263164 -0.167187110 -0.052350283 0.984534383 33.717147827
0.981547475 0.049515199 0.184696585 1.511537313 -0.058289979 0.997399628 0.042382699 1.470238924 -0.182117701 -0.052366588 0.981881320 33.882263184
0.978149235 0.050996587 0.201552480 1.568462014 -0.060305975 0.997365415 0.040317111 1.509896755 -0.198965430 -0.051590972 0.978647590 34.076309204
0.974365413 0.050532669 0.219222590 1.621727109 -0.060751580 0.997346222 0.040122088 1.501628399 -0.216613337 -0.052411694 0.974849582 34.237182617
0.969882846 0.050715551 0.238233462 1.682954550 -0.061925836 0.997286677 0.039804924 1.519908190 -0.235568330 -0.053358916 0.970391870 34.414466858
0.964822352 0.052206099 0.257667243 1.766985059 -0.064320736 0.997174382 0.038807791 1.537151098 -0.254913151 -0.054015968 0.965454042 34.588569641
0.959121108 0.055132363 0.277573735 1.851255298 -0.067939967 0.997013092 0.036728859 1.556107521 -0.274719685 -0.054085769 0.960002005 34.758655548
0.952328026 0.057685062 0.299572647 1.927081585 -0.071176708 0.996873379 0.034311771 1.573438168 -0.296656728 -0.053998657 0.953456283 34.914058685
0.944373429 0.060076840 0.323341280 2.013234377 -0.074666075 0.996665895 0.032894410 1.595656872 -0.320287019 -0.055207230 0.945710540 35.088340759
0.935243547 0.063847624 0.348199666 2.103847980 -0.079775281 0.996312439 0.031582836 1.615094066 -0.344899178 -0.057315368 0.936888218 35.262695312
0.924927771 0.066145614 0.374343932 2.203515768 -0.083507746 0.996045411 0.030331997 1.624057055 -0.370857239 -0.059315525 0.926793694 35.429637909
0.912828803 0.068803735 0.402504116 2.296088696 -0.087794654 0.995719314 0.028899787 1.638495445 -0.398792714 -0.061718270 0.914961874 35.605056763
0.899476647 0.068492763 0.431567490 2.410401583 -0.088363074 0.995745420 0.026135365 1.652090669 -0.427941263 -0.061642781 0.901701987 35.776050568
0.883344412 0.067122683 0.463893592 2.527445793 -0.087269887 0.995940149 0.022072302 1.667897344 -0.460528731 -0.059981383 0.885615945 35.954238892
0.864722252 0.068603270 0.497542948 2.667178154 -0.088681288 0.995918274 0.016805450 1.686457157 -0.494359225 -0.058654800 0.867276549 36.145935059
0.843794703 0.072425656 0.531756580 2.766609430 -0.092112698 0.995692670 0.010550894 1.699263692 -0.528701961 -0.057884321 0.846831560 36.299098969
0.820597649 0.076481283 0.566365659 2.894049406 -0.095931843 0.995377362 0.004579565 1.719519138 -0.563397348 -0.058090478 0.824141383 36.464313507
0.795080960 0.079938099 0.601212263 3.038251877 -0.099832818 0.995004177 -0.000272077 1.722754598 -0.598230481 -0.059804387 0.799089313 36.621623993
0.766723514 0.085227259 0.636295080 3.203305244 -0.106375761 0.994313419 -0.005000524 1.738042355 -0.633102894 -0.063852355 0.771429539 36.792770386
0.734855711 0.090773880 0.672121406 3.379104614 -0.113431141 0.993493915 -0.010158556 1.754521966 -0.668670654 -0.068774424 0.740371287 36.983116150
0.698913455 0.093753316 0.709034801 3.561902046 -0.117359139 0.992966831 -0.015612846 1.769334674 -0.705511808 -0.072299682 0.705000639 37.176143646
0.659189999 0.092276856 0.746293247 3.742237091 -0.116360173 0.993005633 -0.020002829 1.781991243 -0.742919147 -0.073653139 0.665316701 37.363334656
0.619239509 0.093101725 0.779663086 4.015248299 -0.117824927 0.992720604 -0.024962256 1.797240496 -0.776311636 -0.076406121 0.625701547 37.524116516
0.577602386 0.093716778 0.810920894 4.296524048 -0.116267793 0.992705166 -0.031910107 1.818525434 -0.807995856 -0.075852625 0.584285140 37.657379150
0.532420039 0.095529564 0.841072559 4.593058586 -0.115093388 0.992553890 -0.039877921 1.836551428 -0.838619351 -0.075570084 0.539450407 37.777847290
0.483344495 0.095589817 0.870195746 4.908270836 -0.112277597 0.992580295 -0.046669733 1.854761481 -0.868200302 -0.075145930 0.490490854 37.916748047
0.433298707 0.094509602 0.896281302 5.217472076 -0.112017080 0.992422581 -0.050493766 1.853915215 -0.894261897 -0.078519940 0.440602064 38.039497375
0.385862648 0.090515777 0.918105066 5.527759552 -0.109030321 0.992675066 -0.052044183 1.847457409 -0.916090786 -0.080019385 0.392905176 38.111351013
0.337606311 0.087781660 0.937185347 5.846803665 -0.107208751 0.992749035 -0.054365776 1.800522923 -0.935162127 -0.082120247 0.344569266 38.167579651
0.288781524 0.088403396 0.953304827 6.228187561 -0.106857114 0.992482483 -0.059666600 1.798855186 -0.951413095 -0.084636778 0.296057165 38.236915588
0.241339982 0.086350262 0.966591239 6.598703384 -0.098188832 0.993094683 -0.064202011 1.799602389 -0.965460539 -0.079413950 0.248152077 38.275066376
0.197328568 0.082014069 0.976900697 6.957611084 -0.086618498 0.994055748 -0.065957822 1.796386957 -0.976503253 -0.071602322 0.203259528 38.296276093
0.155413270 0.082369134 0.984409630 7.325244904 -0.079524398 0.994326532 -0.070644043 1.792299986 -0.984643519 -0.067305543 0.161081910 38.291843414
0.117400169 0.084159553 0.989512265 7.722690582 -0.078696907 0.994057536 -0.075209178 1.786180496 -0.989961684 -0.069041975 0.123325586 38.275856018
0.084655762 0.085538484 0.992731869 8.123458862 -0.070956327 0.994296491 -0.079622462 1.774556160 -0.993880570 -0.063700110 0.090242445 38.261222839
0.056085944 0.084989026 0.994802117 8.526336670 -0.064145833 0.994618714 -0.081356883 1.769537926 -0.996363282 -0.059249431 0.061235845 38.230033875
0.031578600 0.084285222 0.995941162 8.933589935 -0.058249123 0.994899750 -0.082350165 1.763133407 -0.997802496 -0.055412203 0.036327064 38.180679321
0.012841761 0.084473729 0.996343076 9.335454941 -0.054050464 0.995026946 -0.083665490 1.762590170 -0.998455703 -0.052778374 0.017343700 38.113697052
-0.002419114 0.086835206 0.996219933 9.718507767 -0.051965360 0.994865716 -0.086843356 1.767019749 -0.998646080 -0.051978990 0.002105713 38.043296814
-0.015269876 0.086790964 0.996109486 10.098304749 -0.051884521 0.994814754 -0.087473512 1.763309717 -0.998536348 -0.053018376 -0.010687590 37.975669861
-0.025870442 0.088423371 0.995746970 10.450040817 -0.050097555 0.994714081 -0.089633234 1.762797356 -0.998409271 -0.052203335 -0.021303892 37.914142609
-0.035031557 0.091891162 0.995152652 10.833496094 -0.044648282 0.994625688 -0.093414217 1.754632592 -0.998388350 -0.047704305 -0.030740499 37.856781006
-0.040371537 0.094176628 0.994736612 11.188339233 -0.040408410 0.994579911 -0.095801778 1.744019985 -0.998367369 -0.044063382 -0.036347151 37.779960632
-0.045512795 0.093981102 0.994533122 11.517189026 -0.041477799 0.994528472 -0.095878810 1.745065451 -0.998102248 -0.045614753 -0.041365623 37.735496521
-0.047615409 0.090851828 0.994725525 11.852899551 -0.042313904 0.994777620 -0.092882060 1.728223205 -0.997969210 -0.046513326 -0.043522477 37.663597107
-0.049039721 0.083542250 0.995296955 12.187952042 -0.043818288 0.995356441 -0.085706234 1.702806830 -0.997835279 -0.047815200 -0.045151234 37.584938049
-0.049795389 0.077848352 0.995721042 12.517887115 -0.043491013 0.995842993 -0.080032855 1.686123133 -0.997812212 -0.047290165 -0.046202660 37.527614594
-0.049865127 0.075429194 0.995903671 12.878118515 -0.041495964 0.996126592 -0.077523790 1.681784153 -0.997893631 -0.045191698 -0.046541929 37.466464996
-0.049190283 0.079037242 0.995657325 13.277221680 -0.037965409 0.995995700 -0.080939777 1.694071651 -0.998067617 -0.041781992 -0.045992613 37.383178711
-0.046727657 0.086668909 0.995140672 13.701538086 -0.037671752 0.995367348 -0.088457555 1.688313007 -0.998197079 -0.041622106 -0.043246269 37.267547607
-0.043500066 0.094428994 0.994580925 14.110595703 -0.037395649 0.994671583 -0.096073188 1.676184893 -0.998353422 -0.041372173 -0.039737105 37.180503845
-0.040184855 0.095106393 0.994655669 14.537391663 -0.037352189 0.994620979 -0.096612126 1.666863084 -0.998493850 -0.041034907 -0.036416292 37.080360413
-0.035539985 0.090951517 0.995221138 14.973672867 -0.037342951 0.995033741 -0.092267938 1.639441013 -0.998670459 -0.040443666 -0.031967044 36.987323761
-0.031933188 0.083850510 0.995966554 15.401437759 -0.036747009 0.995702565 -0.085006490 1.592884064 -0.998814225 -0.039313324 -0.028714776 36.930816650
-0.028941751 0.082388788 0.996179938 15.871376038 -0.036576346 0.995842695 -0.083423540 1.577573538 -0.998911738 -0.038851045 -0.025807977 36.881244659
-0.025515676 0.087935194 0.995799482 16.384288788 -0.029266413 0.995630980 -0.088670224 1.559029341 -0.999246061 -0.031405948 -0.022830606 36.820621490
-0.021360397 0.094006196 0.995342553 16.886383057 -0.025707740 0.995188773 -0.094543375 1.537871599 -0.999441326 -0.027607486 -0.018840909 36.767707825
-0.017568350 0.093969606 0.995420039 17.374029160 -0.030762807 0.995051563 -0.094477758 1.509329796 -0.999372303 -0.032281727 -0.014590621 36.713153839
-0.013420463 0.091067627 0.995754302 17.796113968 -0.031780031 0.995302022 -0.091454595 1.488575459 -0.999404848 -0.032872465 -0.010463238 36.645462036
-0.005795956 0.087808028 0.996120512 18.188077927 -0.026756836 0.995766997 -0.087932549 1.470689058 -0.999625146 -0.027162686 -0.003421903 36.543502808
-0.001313567 0.088725135 0.996055245 18.631019592 -0.022223387 0.995807528 -0.088732377 1.452477932 -0.999752164 -0.022252280 0.000663698 36.485023499
0.002768040 0.093500838 0.995615304 19.095310211 -0.021731924 0.995389640 -0.093419217 1.444393635 -0.999759972 -0.021378048 0.004787266 36.424827576
0.009414554 0.094811209 0.995450735 19.558395386 -0.024604395 0.995215416 -0.094556093 1.435233593 -0.999652863 -0.023602266 0.011702299 36.354721069
0.014528573 0.094013542 0.995464921 20.026739120 -0.023573361 0.995325446 -0.093656331 1.411872864 -0.999616504 -0.022105765 0.016676843 36.301544189
0.018233359 0.091658391 0.995623589 20.489862442 -0.017683245 0.995662928 -0.091338173 1.391071796 -0.999677420 -0.015940450 0.019775093 36.278450012
0.021991849 0.092552722 0.995465100 20.924303055 -0.011799715 0.995660365 -0.092310213 1.376481533 -0.999688685 -0.009716116 0.022988498 36.252166748
0.025159538 0.093435198 0.995307446 21.371612549 -0.008565515 0.995606184 -0.093246728 1.354569674 -0.999646783 -0.006179277 0.025849283 36.229057312
0.027671754 0.093802169 0.995206237 21.872001648 -0.008037474 0.995576143 -0.093613550 1.344851732 -0.999584794 -0.005408496 0.028303266 36.197555542
0.031684518 0.091612682 0.995290637 22.388532639 -0.006224666 0.995789230 -0.091460422 1.313272476 -0.999478698 -0.003297459 0.032121360 36.186721802
0.036071241 0.090783626 0.995217144 22.882261276 -0.003864337 0.995870471 -0.090703160 1.296812773 -0.999341786 -0.000574078 0.036273062 36.155868530
0.040869355 0.091794491 0.994938970 23.386167526 -0.005080324 0.995777130 -0.091663130 1.289694309 -0.999151587 -0.001308396 0.041163087 36.119384766
0.044739842 0.094322488 0.994535863 23.900770187 -0.008296411 0.995533466 -0.094043881 1.295336723 -0.998964250 -0.004043568 0.045322537 36.075592041
0.048465967 0.095955543 0.994204938 24.420532227 -0.005636618 0.995385170 -0.095794670 1.299402237 -0.998808920 -0.000961177 0.048783183 36.039890289
0.051959574 0.095381148 0.994083822 24.934375763 -0.006662801 0.995439410 -0.095162958 1.275076151 -0.998627007 -0.001678754 0.052358091 36.031501770
0.054827511 0.096237198 0.993847251 25.496124268 -0.007832061 0.995355248 -0.095951147 1.251960278 -0.998465180 -0.002523102 0.055326581 36.035995483
0.059449971 0.096996352 0.993507624 25.987905502 -0.008662943 0.995280623 -0.096651077 1.258234024 -0.998193741 -0.002860796 0.060009658 36.009712219
0.062486827 0.099172369 0.993106425 26.545230865 -0.009900194 0.995063543 -0.098744884 1.245000124 -0.997996747 -0.003661685 0.063160181 36.000160217
0.067639470 0.103657648 0.992310524 27.086376190 -0.011603609 0.994602680 -0.103106156 1.224161386 -0.997642398 -0.004540332 0.068477154 35.975505829
0.071558833 0.106351726 0.991750240 27.645458221 -0.011444196 0.994321406 -0.105801694 1.205186844 -0.997370720 -0.003778741 0.072369576 35.961868286
0.075209975 0.107758261 0.991328359 28.151748657 -0.015450969 0.994150519 -0.106892817 1.171249151 -0.997048140 -0.007277556 0.076435030 35.966316223
0.078538358 0.107562102 0.991091430 28.683237076 -0.018357061 0.994149745 -0.106439330 1.151806831 -0.996742070 -0.009833954 0.080053449 35.988830566
0.085396111 0.109530449 0.990308464 29.205060959 -0.013723210 0.993974149 -0.108752519 1.144112587 -0.996252716 -0.004303150 0.086384654 35.967758179
0.090604424 0.110367507 0.989752531 29.687538147 -0.011747170 0.993889451 -0.109753460 1.106095314 -0.995817780 -0.001682628 0.091347277 35.944168091
0.096718132 0.110772319 0.989128411 30.204950333 -0.013305172 0.993842602 -0.109999269 1.058899879 -0.995222867 -0.002521601 0.097596467 35.943313599
0.101000488 0.108550206 0.988946795 30.704408646 -0.015922222 0.994078934 -0.107487395 1.008738518 -0.994758964 -0.004889954 0.102130771 35.943862915
0.106922686 0.109091677 0.988264501 31.172431946 -0.013544746 0.994030058 -0.108262688 0.991950989 -0.994175136 -0.001810052 0.107761979 35.938796997
0.113777280 0.111490950 0.987230718 31.610084534 -0.015068308 0.993762791 -0.110492028 0.957531452 -0.993392050 -0.002304412 0.114747584 35.916397095
0.120707870 0.119055554 0.985522866 32.106369019 -0.015330791 0.992887199 -0.118067466 0.923573494 -0.992569685 -0.000857174 0.121674538 35.934341431
0.128287673 0.124025553 0.983951271 32.639949799 -0.014949694 0.992278457 -0.123126052 0.895647764 -0.991624415 0.001085795 0.129151225 35.964836121
0.136237562 0.126901180 0.982514918 33.142845154 -0.018158361 0.991915107 -0.125597447 0.869321346 -0.990509808 -0.000729762 0.137440383 36.003227234
0.144282341 0.126217261 0.981453896 33.684181213 -0.020580400 0.992000103 -0.124548018 0.838668823 -0.989322543 -0.002228633 0.145725727 36.051235199
0.151928604 0.123730868 0.980616510 34.227939606 -0.020635501 0.992314339 -0.122009799 0.790698051 -0.988176167 -0.001698714 0.153314173 36.092132568
0.159777105 0.118645310 0.979997277 34.646789551 -0.018937688 0.992936671 -0.117124289 0.710842133 -0.986971498 0.000154894 0.160895407 36.139343262
0.167480052 0.112264723 0.979462624 35.141864777 -0.016706273 0.993675828 -0.111037180 0.653795481 -0.985733867 0.002233341 0.168296397 36.197128296
0.174844682 0.102484643 0.979247928 35.637660980 -0.016655330 0.994733632 -0.101131536 0.592153072 -0.984455228 0.001372628 0.175630808 36.263526917
0.182903528 0.098989308 0.978134692 36.159667969 -0.013669778 0.995077968 -0.098147854 0.554836750 -0.983035862 0.004580710 0.183356404 36.326892853
0.188614190 0.100834392 0.976861000 36.730155945 -0.014881536 0.994893968 -0.099822469 0.514642477 -0.981938601 0.004290752 0.189151645 36.410327911
0.194294214 0.108122781 0.974966228 37.302154541 -0.012408193 0.994098246 -0.107771747 0.501437664 -0.980864823 0.008841857 0.194489181 36.490161896
0.199608743 0.111256301 0.973539114 37.842506409 -0.012786258 0.993744433 -0.110943750 0.465001583 -0.979792237 0.009697419 0.199782610 36.566532135
0.205303967 0.113827914 0.972056389 38.332916260 -0.008478276 0.993383050 -0.114534624 0.424301147 -0.978661656 0.015273072 0.204910576 36.657604218
0.211692870 0.110543534 0.971064508 38.811378479 -0.007744316 0.993741333 -0.111436747 0.359886408 -0.977305591 0.016070135 0.211224079 36.731121063
0.218212843 0.106056444 0.970121205 39.281250000 0.000245221 0.994071305 -0.108729899 0.301918983 -0.975901186 0.023964155 0.216893137 36.802280426
0.221175134 0.097074389 0.970390677 39.812374115 0.003896248 0.994937718 -0.100418031 0.222266197 -0.975226283 0.025990855 0.219677210 36.944557190
0.224595487 0.089437306 0.970339060 40.304496765 0.004659031 0.995669186 -0.092850395 0.169316292 -0.974440932 0.025374621 0.223206103 37.054382324
0.227061450 0.084459543 0.970211267 40.772472382 0.004426405 0.996132493 -0.087751999 0.124117851 -0.973870516 0.024219651 0.225809455 37.157913208
0.228492916 0.084948108 0.969832420 41.215797424 0.002741251 0.996125817 -0.087897003 0.114912271 -0.973541737 0.022742402 0.227374852 37.262985229
0.231145263 0.086737394 0.969045162 41.681343079 0.004524510 0.995911479 -0.090221375 0.095694065 -0.972908735 0.025238696 0.229807734 37.356777191
0.232602239 0.089973643 0.968401253 42.142013550 0.002019186 0.995664835 -0.092991687 0.070016146 -0.972569883 0.023585454 0.231412172 37.449996948
0.233822763 0.093385339 0.967784166 42.612449646 0.002132129 0.995325089 -0.096558005 0.044902802 -0.972276926 0.024640899 0.232530534 37.556747437
0.235314310 0.098920643 0.966872215 43.087722778 0.000872951 0.994785130 -0.101988882 0.013362885 -0.971918941 0.024843473 0.234000802 37.666343689
0.236138821 0.100334801 0.966525555 43.566162109 0.003135607 0.994571090 -0.104012303 -0.020434856 -0.971714377 0.027591996 0.234542251 37.778163910
0.234702945 0.098881707 0.967024744 44.044124603 -0.000323549 0.994820654 -0.101645403 -0.072842360 -0.972067058 0.023543589 0.233519316 37.912265778
0.232328951 0.095767349 0.967911065 44.521411896 -0.004844043 0.995242417 -0.097308852 -0.127511263 -0.972625196 0.017919064 0.231687546 38.038608551
0.231186271 0.092538357 0.968498707 44.998359680 -0.005895328 0.995581269 -0.093718804 -0.165456772 -0.972891688 0.015956894 0.230710268 38.148796082
0.230282724 0.092196159 0.968746483 45.465988159 -0.004731476 0.995596111 -0.093626723 -0.175737619 -0.973112285 0.016977016 0.229704797 38.246643066
0.229142129 0.091834009 0.969051301 45.903839111 -0.003551882 0.995611906 -0.093511194 -0.186216593 -0.973386467 0.017985404 0.228462815 38.322658539
0.227655590 0.092643678 0.969324589 46.370288849 -0.005663104 0.995572865 -0.093822330 -0.208788872 -0.973725319 0.015869800 0.227172375 38.405128479
0.225781977 0.095678404 0.969468057 46.812080383 -0.007123493 0.995300829 -0.096568882 -0.227644920 -0.974151909 0.014897518 0.225402534 38.477001190
0.223471522 0.100253753 0.969540954 47.239273071 -0.004463091 0.994791210 -0.101836003 -0.234702110 -0.974700212 0.018430300 0.222754955 38.542507172
0.223815799 0.101131544 0.969370365 47.642471313 -0.001841754 0.994644046 -0.103343032 -0.247800112 -0.974629760 0.021344461 0.222803295 38.578411102
0.223909199 0.098933727 0.969575644 48.025928497 0.000618953 0.994819760 -0.101652533 -0.280619144 -0.974609852 0.023361057 0.222688019 38.606624603
0.222127557 0.095565841 0.970322967 48.393112183 0.001843207 0.995142043 -0.098432198 -0.294465065 -0.975015998 0.023653019 0.220872343 38.641777039
0.220873058 0.091418803 0.971008718 48.764015198 0.003915183 0.995506167 -0.094615787 -0.303378820 -0.975294769 0.024699762 0.219522536 38.684017181
0.219846547 0.090373725 0.971339285 49.120574951 0.008351620 0.995488822 -0.094510853 -0.318216801 -0.975498736 0.028890152 0.218100011 38.727016449
0.218652308 0.091824979 0.971472859 49.459957123 0.012368515 0.995221794 -0.096853599 -0.331483603 -0.975724578 0.033192951 0.216471791 38.760574341
0.216150582 0.093323156 0.971889853 49.795410156 0.016927406 0.994913697 -0.099298663 -0.349310160 -0.976213336 0.037915044 0.213471472 38.799186707
0.214597285 0.095338322 0.972038329 50.158092499 0.016997762 0.994709253 -0.101314500 -0.353536367 -0.976554692 0.038264293 0.211841345 38.856838226
0.213681340 0.099634841 0.971809328 50.519714355 0.016744610 0.994265676 -0.105618998 -0.344013453 -0.976759970 0.038841385 0.210787654 38.909400940
0.212632537 0.093371317 0.972660840 50.883239746 0.022825208 0.994677782 -0.100474648 -0.438441277 -0.976865590 0.043565370 0.209369659 38.970554352
0.214445829 0.091380142 0.972451985 51.260639191 0.030339504 0.994510353 -0.100143440 -0.459598541 -0.976264656 0.050979055 0.210496128 39.009399414
0.216684937 0.089147501 0.972162724 51.619323730 0.037552290 0.994323730 -0.099549681 -0.475978374 -0.975519061 0.058077853 0.212107301 39.069076538
0.218598485 0.088227868 0.971818209 51.987075806 0.041675597 0.994151413 -0.099629834 -0.490532398 -0.974924564 0.062280029 0.213643014 39.116561890
0.223058701 0.087748125 0.970847666 52.356826782 0.040026456 0.994275928 -0.099061996 -0.503477097 -0.973982990 0.060956240 0.218269646 39.158477783
0.228141189 0.088629007 0.969585717 52.759929657 0.039819688 0.994165599 -0.100245312 -0.511265278 -0.972813427 0.061478689 0.223280966 39.229125977
0.234009445 0.087921172 0.968250811 53.129604340 0.041262627 0.994107127 -0.100241512 -0.513167381 -0.971358359 0.063410029 0.229002595 39.296272278
0.244064748 0.087805256 0.965775728 53.464195251 0.039709717 0.994152367 -0.100420371 -0.548731327 -0.968945622 0.062859759 0.239150822 39.306064606
0.253667831 0.084120691 0.963626623 53.817977905 0.043730006 0.994195461 -0.098300837 -0.562980413 -0.966302395 0.067075156 0.248516798 39.341487885
0.263097048 0.082104005 0.961269438 54.185783386 0.042040721 0.994450092 -0.096444473 -0.583155394 -0.963852942 0.065786719 0.258185148 39.396644592
0.273534417 0.082739428 0.958297074 54.589851379 0.041291237 0.994364917 -0.097639635 -0.588991880 -0.960975587 0.066277072 0.268576622 39.474258423
0.283778191 0.086715020 0.954961002 55.012374878 0.036427200 0.994208753 -0.101103693 -0.599566221 -0.958197773 0.063477576 0.278975964 39.576648712
0.293529332 0.088372938 0.951856494 55.432937622 0.035191983 0.994043887 -0.103142075 -0.604828119 -0.955302119 0.063772939 0.288671017 39.690196991
0.304022193 0.090523206 0.948354542 55.849098206 0.032232620 0.993927896 -0.105206423 -0.616148949 -0.952119648 0.062553041 0.299258292 39.797870636
0.314742565 0.092021294 0.944705963 56.266632080 0.032063469 0.993690610 -0.107475191 -0.633008480 -0.948635459 0.064117581 0.309806228 39.920124054
0.325122058 0.090744123 0.941308200 56.690483093 0.032020912 0.993758321 -0.106860250 -0.676344395 -0.945129812 0.064884171 0.320187032 40.047275543
0.336000323 0.091977477 0.937360108 57.141632080 0.028309427 0.993784428 -0.107661679 -0.724907875 -0.941436350 0.062710494 0.331308067 40.199443817
0.345894933 0.091082066 0.933842003 57.567722321 0.027585503 0.993859708 -0.107153565 -0.759759188 -0.937867701 0.062824383 0.341258466 40.359527588
0.354826987 0.085358530 0.931027293 57.959968567 0.028524239 0.994371593 -0.102037042 -0.805440426 -0.934496760 0.062762335 0.350395083 40.508323669
0.363848209 0.077399775 0.928237021 58.391410828 0.032699455 0.994865954 -0.095773011 -0.852564573 -0.930884182 0.065199688 0.359449267 40.682762146
0.371453226 0.071481101 0.925696015 58.828277588 0.034614541 0.995272577 -0.090743467 -0.904810667 -0.927806258 0.065749496 0.367222905 40.899501801
0.380420625 0.065232426 0.922510147 59.295120239 0.038486563 0.995528460 -0.086266607 -0.946089506 -0.924012423 0.068321839 0.376208961 41.120449066
0.386805058 0.064470813 0.919905066 59.770683289 0.040989473 0.995365143 -0.086994775 -0.987636328 -0.921250105 0.071356438 0.382369637 41.358520508
0.393956602 0.057659697 0.917318702 60.252304077 0.048897881 0.995302200 -0.083561435 -1.044184208 -0.917827487 0.077774525 0.389286458 41.589363098
0.399768591 0.049314264 0.915288568 60.699039459 0.057525609 0.995233476 -0.078746900 -1.075222492 -0.914809227 0.084133074 0.395026267 41.798873901
0.405609250 0.044010457 0.912986457 61.150997162 0.064109966 0.995010495 -0.076446339 -1.092177629 -0.911795557 0.089538872 0.400763988 42.003463745
0.410624921 0.044011965 0.910741508 61.554912567 0.065313257 0.994848847 -0.077524200 -1.125180602 -0.909462154 0.091316864 0.405635178 42.213657379
0.415940940 0.049934495 0.908019662 61.933803558 0.067664340 0.994024158 -0.085659459 -1.148577213 -0.906870842 0.097069830 0.410076559 42.414192200
0.423748195 0.053166732 0.904218376 62.407173157 0.071624346 0.993183136 -0.091963395 -1.181773186 -0.902943790 0.103733376 0.417051494 42.590030670
0.428168833 0.054978132 0.902024925 62.802963257 0.069160335 0.993226945 -0.093365580 -1.212938786 -0.901048481 0.102360576 0.421466529 42.777652740
0.433295727 0.056111097 0.899503410 63.192104340 0.062504768 0.993785918 -0.092101343 -1.241700888 -0.899081767 0.096130364 0.427096009 42.965957642
0.436890364 0.058638144 0.897601545 63.593231201 0.056758802 0.994087338 -0.092567600 -1.270904660 -0.897722304 0.091388680 0.430978954 43.161724091
0.440248191 0.061470814 0.895769477 64.041687012 0.056893863 0.993739009 -0.096155725 -1.277967453 -0.896071792 0.093296163 0.433994472 43.348560333
0.444782019 0.064952403 0.893280566 64.486244202 0.054285284 0.993578196 -0.099274978 -1.289797187 -0.893992245 0.092647716 0.438399732 43.527557373
0.448686421 0.067384526 0.891145229 64.937004089 0.053312615 0.993359327 -0.101956107 -1.302580237 -0.892097712 0.093255602 0.442114413 43.728183746
0.453154445 0.064196810 0.889117539 65.307029724 0.055004578 0.993489325 -0.099766836 -1.342680216 -0.889733493 0.094115317 0.446672976 43.884841919
0.457408607 0.060071103 0.887225389 65.709297180 0.057839476 0.993593335 -0.097092047 -1.362324357 -0.887373686 0.095727384 0.451003671 44.058963776
0.461559236 0.057003289 0.885276139 66.138488770 0.059267700 0.993722200 -0.094886772 -1.379793882 -0.885127366 0.096264146 0.455283225 44.232765198
0.464652240 0.054994814 0.883783877 66.590606689 0.061232768 0.993684828 -0.094026901 -1.377135992 -0.883373559 0.097806342 0.458350420 44.442123413
0.467959285 0.056300294 0.881954908 67.039970398 0.061846267 0.993435681 -0.096231975 -1.372765541 -0.881583333 0.099578269 0.461405456 44.648658752
0.469993949 0.056290288 0.880872965 67.511749268 0.063240662 0.993252277 -0.097213998 -1.396533370 -0.880401254 0.101396978 0.463262677 44.880058289
0.471283317 0.054999031 0.880265415 67.973831177 0.064930588 0.993182003 -0.096817113 -1.417415380 -0.879588664 0.102784432 0.464498937 45.105953217
0.472034693 0.053265125 0.879969358 68.382133484 0.067371219 0.993074477 -0.096250840 -1.465380192 -0.879001856 0.104718350 0.465177059 45.329883575
0.474398792 0.050084170 0.878884196 68.753997803 0.071824148 0.992849529 -0.095347412 -1.499221206 -0.877375126 0.108357809 0.467409372 45.490486145
0.477000773 0.049433891 0.877511561 69.164482117 0.073916852 0.992623448 -0.096098609 -1.507551432 -0.875789106 0.110702001 0.469828188 45.655818939
0.481208980 0.050234839 0.875165343 69.540069580 0.076070428 0.992197454 -0.098779798 -1.515840769 -0.873299003 0.114107922 0.473632932 45.790176392
0.484556139 0.049842894 0.873338997 69.961250305 0.080407456 0.991610885 -0.101205468 -1.515750647 -0.871056855 0.119262695 0.476483405 45.947975159
0.488538206 0.049195938 0.871154606 70.369781494 0.081685446 0.991445780 -0.101797752 -1.530666828 -0.868710577 0.120892741 0.480340540 46.102966309
0.492587388 0.048067115 0.868934572 70.761230469 0.083867349 0.991204202 -0.102374017 -1.540496349 -0.866212428 0.123303384 0.484223425 46.235202789
0.497614682 0.046326082 0.866160154 71.151947021 0.087763697 0.990759134 -0.103411011 -1.541560531 -0.862946749 0.127476275 0.488950551 46.369533539
0.501757145 0.045847408 0.863792777 71.531791687 0.089872785 0.990426838 -0.104773775 -1.538121462 -0.860327125 0.130202442 0.492833316 46.525623322
0.506300569 0.045211367 0.861171067 71.934944153 0.090873875 0.990267396 -0.105415568 -1.546692014 -0.857555568 0.131629914 0.497264445 46.694538116
0.511031091 0.044593289 0.858404756 72.307991028 0.092790231 0.989955544 -0.106667712 -1.556302547 -0.854539156 0.134162098 0.501760244 46.841018677
0.516105533 0.045090828 0.855337262 72.653915405 0.094049200 0.989591718 -0.108917058 -1.567690015 -0.851345897 0.136656478 0.506493032 46.988742828
0.520685554 0.044996876 0.852561891 72.980850220 0.095760435 0.989230394 -0.110693850 -1.593164325 -0.848361075 0.139278397 0.510769129 47.143013000
0.526211202 0.047379084 0.849032998 73.329673767 0.094873227 0.988941908 -0.113986760 -1.616127253 -0.845044851 0.140531600 0.515897274 47.321926117
0.531763792 0.052384615 0.845271111 73.662452698 0.092594132 0.988505423 -0.119512789 -1.638554215 -0.841815710 0.141819715 0.520800948 47.509716034
0.538049459 0.058879498 0.840854287 73.973854065 0.086949423 0.988358915 -0.124845847 -1.670389414 -0.838416696 0.140285030 0.526666462 47.677906036
0.544858217 0.064378858 0.836053193 74.302726746 0.082446337 0.988104224 -0.129817799 -1.699787378 -0.834465206 0.139661804 0.533068895 47.858051300
0.551637173 0.068039082 0.831304491 74.615707397 0.079926915 0.987768710 -0.133882999 -1.715784311 -0.830245793 0.140298456 0.539451838 48.030223846
0.559484124 0.066054344 0.826204836 74.926521301 0.076977268 0.988369942 -0.131146282 -1.778161883 -0.825258791 0.136973262 0.547892570 48.167915344
0.566315174 0.064715482 0.821644127 75.264823914 0.068938695 0.989699602 -0.125467837 -1.825489521 -0.821300566 0.127697408 0.556020498 48.335250854
0.575049520 0.059121449 0.815979600 75.574310303 0.068709746 0.990371644 -0.120179117 -1.834425092 -0.815228224 0.125174686 0.565450490 48.458282471
0.583070397 0.055195317 0.810544491 75.877967834 0.065761939 0.991209030 -0.114804231 -1.854030132 -0.809755683 0.120241933 0.574314952 48.589664459
0.590737581 0.053030975 0.805119097 76.212333679 0.063122287 0.991742194 -0.111637853 -1.873808503 -0.804390848 0.116769634 0.582511961 48.741580963
0.598110557 0.055190809 0.799510956 76.540519714 0.060295701 0.991699278 -0.113564670 -1.887698770 -0.799142122 0.116131306 0.589818120 48.937973022
0.604869485 0.055651199 0.794377625 76.846527100 0.059752110 0.991571009 -0.114963397 -1.945580840 -0.794079721 0.117003590 0.596445799 49.133975983
0.610799909 0.056012571 0.789801300 77.157722473 0.059960544 0.991358161 -0.116677985 -1.987975717 -0.789511383 0.118623823 0.602162957 49.367198944
0.616097569 0.057816051 0.785545111 77.484893799 0.056522846 0.991486251 -0.117303781 -2.026708841 -0.785639167 0.116671823 0.607584357 49.619400024
0.623919725 0.056578882 0.779437602 77.809211731 0.057547882 0.991341531 -0.118026450 -2.030846119 -0.779366672 0.118494019 0.615261555 49.818462372
