1.000000000 0.000000000 0.000000000 0.000000000 0.000000000 1.000000000 0.000000000 0.000000000 0.000000000 0.000000000 1.000000000 0.000000000
0.999998271 0.001021349 0.001565944 -0.005596024 -0.001014211 0.999989152 -0.004552182 -0.002043969 -0.001570576 0.004550586 0.999988437 0.693626225
0.999996901 -0.000868137 0.002322144 -0.003755748 0.000881225 0.999983728 -0.005641002 0.002057757 -0.002317209 0.005643031 0.999981403 1.383011937
0.999993622 -0.002634506 0.002421735 -0.002734700 0.002638212 0.999995351 -0.001528500 0.003847267 -0.002417697 0.001534880 0.999995887 2.076920033
0.999985814 -0.005020447 0.001765560 -0.000217400 0.005012542 0.999977529 0.004453829 0.003884115 -0.001787880 -0.004444917 0.999988496 2.763765097
0.999962449 -0.008665721 0.000086068 0.002869619 0.008665244 0.999952257 0.004521149 0.005154887 -0.000125243 -0.004520233 0.999989748 3.443463564
0.999940932 -0.010869908 -0.000186972 -0.003291551 0.010870212 0.999939442 0.001710621 0.007995177 0.000168367 -0.001712552 0.999998510 4.113672733
0.999928296 -0.011943927 -0.000843789 -0.009891239 0.011942402 0.999927104 -0.001789979 0.009916611 0.000865107 0.001779774 0.999998033 4.802484989
0.999930084 -0.011659748 -0.001971558 -0.012340688 0.011655147 0.999929368 -0.002328813 0.010802037 0.001998572 0.002305672 0.999995351 5.472770214
0.999927640 -0.011590994 -0.003222275 -0.012038473 0.011589794 0.999932766 -0.000390565 0.011196422 0.003226585 0.000353191 0.999994755 6.145506382
0.999937594 -0.010751066 -0.003043452 -0.028921735 0.010757941 0.999939620 0.002251710 0.011435944 0.003019060 -0.002284311 0.999992847 6.831178188
0.999926209 -0.011386408 -0.004240671 -0.032876004 0.011402528 0.999927759 0.003796549 0.013990224 0.004197136 -0.003844623 0.999983788 7.496063709
0.999915600 -0.012312566 -0.004153455 -0.044740021 0.012333133 0.999911606 0.004962959 0.016002040 0.004091981 -0.005013766 0.999979079 8.165671349
0.999897003 -0.012976213 -0.006130260 -0.035929959 0.013007146 0.999902725 0.005033412 0.012705061 0.006064349 -0.005112632 0.999968529 8.822569847
0.999890924 -0.013345043 -0.006326438 -0.049283832 0.013370047 0.999902904 0.003926542 0.014424140 0.006273425 -0.004010698 0.999972284 9.473611832
0.999877870 -0.013705197 -0.007512086 -0.058310293 0.013716565 0.999904871 0.001463762 0.021421831 0.007491310 -0.001566624 0.999970734 10.132591248
0.999843419 -0.015263999 -0.008949807 -0.071702212 0.015264140 0.999883473 -0.000052473 0.026503162 0.008949565 -0.000084146 0.999959946 10.810859680
0.999825597 -0.015346300 -0.010640623 -0.084836237 0.015341505 0.999882162 -0.000531990 0.022535276 0.010647533 0.000368654 0.999943256 11.460779190
0.999830902 -0.013699448 -0.012266833 -0.096366175 0.013687029 0.999905705 -0.001095708 0.022362985 0.012280688 0.000927626 0.999924183 12.115091324
0.999825835 -0.012247019 -0.014081515 -0.110519655 0.012236114 0.999924779 -0.000860360 0.021372296 0.014090993 0.000687907 0.999900460 12.761170387
0.999799550 -0.012789909 -0.015403111 -0.125070050 0.012788145 0.999918222 -0.000213027 0.023478566 0.015404576 0.000016007 0.999881327 13.410092354
0.999774575 -0.012294563 -0.017309442 -0.135898545 0.012313117 0.999923706 0.000965666 0.024500947 0.017296251 -0.001178582 0.999849737 14.055500984
0.999751270 -0.012469032 -0.018490160 -0.150503397 0.012508680 0.999919713 0.002030137 0.020378364 0.018463360 -0.002260919 0.999826968 14.694527626
0.999713242 -0.013827137 -0.019551514 -0.177047089 0.013851183 0.999903440 0.001095016 0.029749451 0.019534485 -0.001365513 0.999808252 15.342254639
0.999691725 -0.013178979 -0.021042634 -0.185959131 0.013200658 0.999912441 0.000891675 0.027116567 0.021029040 -0.001169177 0.999778211 15.958651543
0.999653876 -0.012967456 -0.022889797 -0.196564376 0.012993680 0.999915063 0.000997268 0.030736707 0.022874922 -0.001294346 0.999737501 16.586124420
0.999638677 -0.013042399 -0.023504237 -0.216442913 0.013127753 0.999907792 0.003480752 0.028931329 0.023456672 -0.003788052 0.999717653 17.200548172
0.999615550 -0.013883215 -0.023999410 -0.237302586 0.014026915 0.999884605 0.005829677 0.034539841 0.023915706 -0.006164073 0.999695003 17.816041946
0.999588668 -0.013642778 -0.025225826 -0.249766260 0.013833479 0.999876916 0.007400799 0.036966015 0.025121752 -0.007746715 0.999654412 18.420082092
0.999593079 -0.012719097 -0.025532508 -0.270500064 0.012878751 0.999898493 0.006098292 0.038859524 0.025452351 -0.006424638 0.999655366 19.016725540
0.999594271 -0.011344881 -0.026126040 -0.291382670 0.011446520 0.999927461 0.003744062 0.039799988 0.026081668 -0.004041595 0.999651670 19.606178284
0.999577701 -0.011009818 -0.026892640 -0.309381664 0.011066882 0.999936819 0.001973968 0.042666197 0.026869208 -0.002270753 0.999636352 20.183933258
0.999548018 -0.010273205 -0.028253665 -0.327719718 0.010323631 0.999945343 0.001639441 0.044533212 0.028235281 -0.001930380 0.999599457 20.760562897
0.999520063 -0.010166968 -0.029262988 -0.345054328 0.010199613 0.999947488 0.000966509 0.046804901 0.029251626 -0.001264516 0.999571264 21.330549240
0.999460757 -0.009641246 -0.031388748 -0.365403235 0.009658840 0.999953270 0.000408950 0.045112830 0.031383339 -0.000711909 0.999507189 21.890972137
0.999412954 -0.009503456 -0.032916199 -0.388850689 0.009515865 0.999954700 0.000220369 0.047101907 0.032912616 -0.000533466 0.999458075 22.443750381
0.999338090 -0.009792444 -0.035036348 -0.408444732 0.009838092 0.999950945 0.001130717 0.048509937 0.035023555 -0.001474660 0.999385417 22.985267639
0.999256492 -0.010203887 -0.037179608 -0.430005938 0.010341335 0.999940395 0.003506435 0.048964288 0.037141610 -0.003888314 0.999302447 23.518524170
0.999184549 -0.009394706 -0.039267913 -0.451196194 0.009607238 0.999940217 0.005227167 0.047762625 0.039216459 -0.005600160 0.999215066 24.061685562
0.999098301 -0.008080115 -0.041680317 -0.473822594 0.008313644 0.999950707 0.005432556 0.049525067 0.041634370 -0.005774173 0.999116242 24.585172653
0.999032199 -0.005852441 -0.043593183 -0.500544727 0.006050628 0.999971926 0.004415722 0.053906891 0.043566115 -0.004675214 0.999039590 25.108669281
0.998981237 -0.004151077 -0.044936728 -0.528711855 0.004317767 0.999984145 0.003613014 0.057681460 0.044921014 -0.003803359 0.998983324 25.617568970
0.998912513 -0.003530850 -0.046490662 -0.556658804 0.003768193 0.999980330 0.005018510 0.058847792 0.046472028 -0.005188238 0.998906136 26.119901657
0.998866618 -0.002065614 -0.047552723 -0.585644126 0.002384349 0.999975085 0.006647046 0.061334834 0.047537807 -0.006752895 0.998846591 26.620096207
0.998851418 0.000232408 -0.047914658 -0.607820213 0.000107075 0.999974906 0.007082467 0.065298408 0.047915105 -0.007079463 0.998826325 27.124967575
0.998921692 0.003745804 -0.046275523 -0.641928375 -0.003500622 0.999979436 0.005378201 0.063274249 0.046294715 -0.005210408 0.998914242 27.596555710
0.998975217 0.004740623 -0.045011293 -0.661493182 -0.004654069 0.999987125 0.002027529 0.067289069 0.045020323 -0.001815966 0.998984396 28.070455551
0.999051213 0.005395703 -0.043215901 -0.683786035 -0.005391996 0.999985456 0.000202342 0.071421087 0.043216363 0.000030870 0.999065757 28.536651611
0.999185026 0.006963839 -0.039758585 -0.700275540 -0.006938960 0.999975622 0.000763725 0.073900014 0.039762937 -0.000487219 0.999209046 28.995838165
0.999252856 0.011800624 -0.036803178 -0.723758817 -0.011679042 0.999925613 0.003516845 0.075407356 0.036841944 -0.003084392 0.999316335 29.448841095
0.999336421 0.015867360 -0.032785676 -0.745434701 -0.015644707 0.999852836 0.007036586 0.075406715 0.032892503 -0.006518994 0.999437630 29.893398285
0.999381542 0.021008706 -0.028198762 -0.766576171 -0.020796278 0.999753237 0.007805452 0.078370869 0.028355787 -0.007214196 0.999571860 30.329807281
0.999434829 0.024520112 -0.022996109 -0.778867960 -0.024333009 0.999668777 0.008381162 0.078414172 0.023194000 -0.007816860 0.999700427 30.763908386
0.999441266 0.028600853 -0.017295128 -0.789456666 -0.028425261 0.999542713 0.010314728 0.083293326 0.017582228 -0.009817346 0.999797225 31.174945831
0.999381602 0.033527121 -0.010601935 -0.799809337 -0.033404708 0.999375522 0.011520293 0.086044446 0.010981557 -0.011159014 0.999877453 31.571449280
0.999320090 0.036652226 -0.003992809 -0.796370506 -0.036605749 0.999267578 0.011150287 0.087204799 0.004398567 -0.010996546 0.999929845 31.961483002
0.999199748 0.039828587 0.003681138 -0.805872560 -0.039867956 0.999140799 0.011323145 0.088893086 -0.003226991 -0.011460843 0.999929130 32.328247070
0.998992383 0.043554902 0.010823911 -0.801331580 -0.043664537 0.998995125 0.010107816 0.096531428 -0.010372790 -0.010570253 0.999890327 32.691417694
0.998657107 0.048288878 0.018765150 -0.801606417 -0.048439886 0.998796582 0.007677558 0.097950011 -0.018371826 -0.008576230 0.999794424 33.015674591
0.998358727 0.050699126 0.026635049 -0.792540312 -0.050837811 0.998696506 0.004555274 0.100798741 -0.026369384 -0.005901865 0.999634862 33.337116241
0.998114645 0.050750975 0.034517556 -0.781936526 -0.050938908 0.998691261 0.004586603 0.099403352 -0.034239605 -0.006336242 0.999393582 33.651824951
0.997825027 0.050376169 0.042514838 -0.764493763 -0.050666653 0.998698890 0.005782200 0.103013471 -0.042168237 -0.007923707 0.999079108 33.933662415
0.997385621 0.051708169 0.050479483 -0.750196695 -0.052106872 0.998619616 0.006613569 0.100800857 -0.050067823 -0.009226607 0.998703182 34.209548950
0.996747017 0.054720730 0.059169248 -0.736433983 -0.055217050 0.998451352 0.006784650 0.102010921 -0.058706351 -0.010029731 0.998224914 34.466140747
0.995886505 0.059745006 0.068121590 -0.721857190 -0.060306139 0.998160601 0.006208879 0.102385893 -0.067625336 -0.010291489 0.997657716 34.706935883
0.995009065 0.063404381 0.077050917 -0.707312822 -0.064077064 0.997925162 0.006287271 0.100787148 -0.076492406 -0.011193089 0.997007310 34.923587799
0.994276702 0.062703438 0.086499371 -0.686547160 -0.063545264 0.997954309 0.007010478 0.101131335 -0.085882835 -0.012466978 0.996227264 35.127304077
0.993392825 0.061467726 0.096914522 -0.658125997 -0.062254589 0.998047173 0.005113464 0.097866192 -0.096410953 -0.011113051 0.995279551 35.318862915
0.992235422 0.060296204 0.108780466 -0.631178021 -0.060726140 0.998154283 0.000640863 0.098409966 -0.108541049 -0.007241705 0.994065583 35.509880066
0.990675867 0.061075214 0.121783264 -0.598523915 -0.061107945 0.998125136 -0.003469631 0.098783419 -0.121766843 -0.004004644 0.992550671 35.701656342
0.988537729 0.062793292 0.137295753 -0.569577098 -0.062628336 0.998021603 -0.005525198 0.097763300 -0.137371063 -0.003136736 0.990514696 35.883834839
0.986063421 0.064393774 0.153402850 -0.532864511 -0.064088181 0.997920096 -0.006941403 0.094538942 -0.153530762 -0.002986644 0.988139331 36.067733765
0.983176947 0.065259241 0.170600042 -0.500688553 -0.064803831 0.997864008 -0.008242763 0.096602976 -0.170773551 -0.002951443 0.985305905 36.256576538
0.979966998 0.064221673 0.188521221 -0.453984857 -0.063595600 0.997931719 -0.009374272 0.093161449 -0.188733324 -0.002802642 0.982024372 36.435001373
0.976105154 0.063339271 0.207862675 -0.406387687 -0.062672608 0.997986019 -0.009798095 0.093129128 -0.208064646 -0.003463325 0.978108943 36.616279602
0.971529841 0.063545041 0.228236377 -0.354022026 -0.062670909 0.997972727 -0.011083066 0.090882003 -0.228477955 -0.003536251 0.973542690 36.793544769
0.966256022 0.065662608 0.249073625 -0.298135310 -0.064414814 0.997836351 -0.013166140 0.086460531 -0.249399245 -0.003322166 0.968395054 36.962123871
0.960006654 0.067140728 0.271807522 -0.236918271 -0.065403774 0.997739196 -0.015455347 0.085468620 -0.272230715 -0.002940001 0.962227523 37.145496368
0.952755630 0.067977123 0.296033412 -0.166982532 -0.066082828 0.997679174 -0.016412236 0.079382241 -0.296462029 -0.003925876 0.955036581 37.319385529
0.944142401 0.071088150 0.321778804 -0.099801421 -0.069212005 0.997452259 -0.017282212 0.072970420 -0.322187573 -0.005954084 0.946657121 37.482559204
0.934320271 0.072914876 0.348896921 -0.016542733 -0.070966952 0.997309327 -0.018380292 0.070706785 -0.349298358 -0.007587072 0.936980844 37.663795471
0.923140228 0.073755316 0.377322465 0.071039438 -0.071599893 0.997237742 -0.019757198 0.064458787 -0.377737373 -0.008777583 0.925871193 37.835197449
0.910590470 0.071913011 0.407005489 0.171443582 -0.068976693 0.997377813 -0.021903683 0.058306217 -0.407513380 -0.008128608 0.913163066 37.996669769
0.895670116 0.069081396 0.439320832 0.273062587 -0.064837843 0.997590601 -0.024678163 0.052966118 -0.439967126 -0.006381118 0.897991180 38.155136108
0.878589451 0.068170078 0.472687483 0.398810863 -0.061754949 0.997667134 -0.029097030 0.049210310 -0.473568320 -0.003626445 0.880749643 38.323177338
0.859063566 0.070245750 0.507025957 0.519810677 -0.061429285 0.997528017 -0.034121424 0.042320788 -0.508169532 -0.001833767 0.861255109 38.482124329
0.837244034 0.071789339 0.542096615 0.649415255 -0.060621917 0.997419596 -0.038459487 0.033338904 -0.543458819 -0.000662958 0.839435577 38.645015717
0.812806070 0.074803941 0.577711642 0.786876202 -0.061768670 0.997197330 -0.042215429 0.026963770 -0.579250395 -0.001371516 0.815148592 38.799446106
0.784936428 0.078737475 0.614552796 0.924978733 -0.064945661 0.996883988 -0.044770621 0.013704002 -0.616162956 -0.004770445 0.787604213 38.970230103
0.755195320 0.083085991 0.650212884 1.102293015 -0.068466358 0.996506929 -0.047815561 0.001674533 -0.651914477 -0.008407610 0.758245945 39.143810272
0.721917212 0.084120683 0.686847389 1.283023834 -0.068169363 0.996400774 -0.050382771 -0.008807898 -0.688613474 -0.010449750 0.725053310 39.303268433
0.685281217 0.081283130 0.723728359 1.486156464 -0.064257272 0.996624768 -0.051088896 -0.027559876 -0.725438297 -0.011494536 0.688191295 39.466903687
0.646341085 0.079605252 0.758884788 1.708894730 -0.061218735 0.996747077 -0.052416544 -0.043144822 -0.760588884 -0.012578998 0.649111986 39.620746613
0.603660941 0.079650477 0.793252349 1.950793266 -0.059601713 0.996721089 -0.054724172 -0.053876877 -0.795010090 -0.014244346 0.606428921 39.780521393
0.557143927 0.079519242 0.826599956 2.200674057 -0.056059375 0.996735454 -0.058101274 -0.065768719 -0.828521609 -0.013967892 0.559782922 39.930633545
0.508439541 0.077659994 0.857588768 2.479904175 -0.052580789 0.996866405 -0.059098840 -0.090502501 -0.859490991 -0.015044490 0.510929704 40.080879211
0.458696961 0.076073483 0.885330379 2.765760422 -0.050797313 0.996944189 -0.059345581 -0.103738666 -0.887139618 -0.017750764 0.461159587 40.222183228
0.408912838 0.074451886 0.909531415 3.086194992 -0.050445534 0.996986628 -0.058931127 -0.113851905 -0.911178172 -0.021784095 0.411436379 40.346488953
0.358325243 0.073630579 0.930688739 3.425991058 -0.053170446 0.996876538 -0.058395766 -0.132180095 -0.932081461 -0.028560458 0.361120999 40.471122742
0.308001578 0.073876701 0.948513329 3.758146286 -0.050980344 0.996829748 -0.061085563 -0.148365378 -0.950019062 -0.029541072 0.310791433 40.572887421
0.261228859 0.070905387 0.962669194 4.107007980 -0.039611455 0.997245848 -0.062703215 -0.167340636 -0.964463890 -0.021752836 0.263318062 40.633155823
0.217256367 0.065049469 0.973944783 4.478977203 -0.026767129 0.997798800 -0.060671769 -0.188338280 -0.975747585 -0.012888370 0.218519330 40.683940887
0.176824570 0.063419953 0.982197165 4.850303650 -0.017952967 0.997963667 -0.061205935 -0.214922428 -0.984078765 -0.006810632 0.177603066 40.705116272
0.137562931 0.065616056 0.988317311 5.249301910 -0.014352584 0.997830629 -0.064249940 -0.227096558 -0.990389049 -0.005346498 0.138206303 40.759342194
0.103444159 0.066072159 0.992438316 5.647323608 -0.005983772 0.997814476 -0.065806374 -0.254386425 -0.994617224 0.000868760 0.103613436 40.797657013
0.075732231 0.064830840 0.995018482 6.006114960 0.001644455 0.997874618 -0.065142103 -0.270004511 -0.997126937 0.006569626 0.075464666 40.782066345
0.051641226 0.063148588 0.996667266 6.413677216 0.008599121 0.997933686 -0.063674390 -0.291503072 -0.998628736 0.011858687 0.050991476 40.779312134
0.030982614 0.062262602 0.997578919 6.835151672 0.012952901 0.997949123 -0.062688008 -0.311800599 -0.999436080 0.014863785 0.030112624 40.790367126
0.014948785 0.064100362 0.997831583 7.260845184 0.015960177 0.997800589 -0.064337485 -0.332127690 -0.999760985 0.016887343 0.013892829 40.793643951
0.001507699 0.064063698 0.997944713 7.689662933 0.016923120 0.997801244 -0.064080060 -0.353539586 -0.999855757 0.016984958 0.000420213 40.784469604
-0.010360122 0.065197989 0.997818589 8.127246857 0.017865151 0.997724891 -0.065006383 -0.376412153 -0.999786735 0.017152712 -0.011501312 40.777713776
-0.018718719 0.067904636 0.997516274 8.567916870 0.023067793 0.997454762 -0.067467578 -0.400219440 -0.999558687 0.021747587 -0.020237565 40.758026123
-0.025608778 0.069773093 0.997234106 9.032070160 0.026725944 0.997252524 -0.069088072 -0.427153826 -0.999314666 0.024882767 -0.027403116 40.742111206
-0.029825449 0.069056407 0.997166932 9.488151550 0.026596157 0.997312248 -0.068270989 -0.452366590 -0.999201357 0.024484605 -0.031581879 40.726699829
-0.034145713 0.066826209 0.997180283 9.962596893 0.024981113 0.997507334 -0.065992728 -0.472924709 -0.999104679 0.022657309 -0.035730004 40.720329285
-0.036206484 0.059716448 0.997558653 10.455429077 0.022459453 0.998009562 -0.058928281 -0.501995683 -0.999092042 0.020271039 -0.037475705 40.700790405
-0.037397265 0.054352596 0.997821271 10.959129333 0.023994647 0.998280704 -0.053478330 -0.522481084 -0.999012411 0.021942429 -0.038637161 40.680202484
-0.038063049 0.051675368 0.997938335 11.459854126 0.026580866 0.998360991 -0.050683416 -0.548036456 -0.998921812 0.024596900 -0.039374232 40.661621094
-0.037566781 0.053662200 0.997852385 11.958019257 0.029658217 0.998177111 -0.052563112 -0.577914000 -0.998854101 0.027619902 -0.039089799 40.638336182
-0.036317825 0.061125319 0.997469187 12.469324112 0.030749794 0.997723341 -0.060021296 -0.599149704 -0.998867154 0.028492125 -0.038114786 40.616336823
-0.034097910 0.069299772 0.997013032 12.980178833 0.031689797 0.997166455 -0.068226650 -0.621273994 -0.998915970 0.029268760 -0.036197424 40.599586487
-0.031894922 0.070315681 0.997014940 13.518598557 0.032157622 0.997078001 -0.069291405 -0.643817306 -0.998973906 0.029851591 -0.034062982 40.580471039
-0.030650735 0.065643162 0.997372329 14.059156418 0.031439479 0.997410715 -0.064679511 -0.677826881 -0.999035656 0.029374393 -0.032635212 40.579841614
-0.028135896 0.059262447 0.997845948 14.597318649 0.030927576 0.997814715 -0.058388550 -0.708856225 -0.999125659 0.029218141 -0.029907227 40.567287445
-0.024665952 0.058303300 0.997994304 15.129745483 0.028820407 0.997924387 -0.057586923 -0.732899308 -0.999280334 0.027342170 -0.026295066 40.550727844
-0.020882964 0.063507833 0.997762918 15.662256241 0.036745965 0.997354925 -0.062712789 -0.764315367 -0.999106526 0.035354137 -0.023161411 40.533187866
-0.017950058 0.068974040 0.997456968 16.187351227 0.038089581 0.996940672 -0.068252891 -0.797642469 -0.999113142 0.036767580 -0.020522356 40.528690338
-0.016547203 0.069195598 0.997465909 16.738796234 0.032460161 0.997113764 -0.068632685 -0.831730604 -0.999336064 0.031242229 -0.018745542 40.538623810
-0.013309479 0.065602168 0.997757196 17.274246216 0.027902309 0.997481287 -0.065211833 -0.862782955 -0.999522209 0.026971791 -0.015106440 40.541671753
-0.007989764 0.061790206 0.998057306 17.811023712 0.032027781 0.997592807 -0.061505068 -0.899516225 -0.999455154 0.031474162 -0.009949446 40.527080536
-0.004446983 0.062925175 0.998008430 18.349233627 0.036264386 0.997371852 -0.062723458 -0.933665633 -0.999332368 0.035913229 -0.006717205 40.517921448
-0.001991987 0.067724034 0.997702241 18.886487961 0.036067352 0.997059822 -0.067608431 -0.960816145 -0.999347568 0.035849810 -0.004428744 40.523765564
0.001977861 0.068337902 0.997660339 19.420375824 0.032303292 0.997137189 -0.068366118 -0.991555691 -0.999476254 0.032362930 -0.000235319 40.531539917
0.005285442 0.067882583 0.997679412 19.953113556 0.031793308 0.997177482 -0.068016872 -1.023445725 -0.999480546 0.032079030 0.003112316 40.539031982
0.008134484 0.064515576 0.997883618 20.480028152 0.035627756 0.997264266 -0.064765967 -1.064480901 -0.999332130 0.036079198 0.005813718 40.559280396
0.012563348 0.065448545 0.997776806 21.046710968 0.040334471 0.997010291 -0.065906130 -1.095626593 -0.999107182 0.041072801 0.009885967 40.550350189
0.015768409 0.066417210 0.997667313 21.579547882 0.043399718 0.996805549 -0.067045785 -1.126952052 -0.998933315 0.044355683 0.012835503 40.562049866
0.018403113 0.066184789 0.997637749 22.126348495 0.043588873 0.996804833 -0.066933610 -1.160628557 -0.998880148 0.044717692 0.015459359 40.572441101
0.021806061 0.064981639 0.997648180 22.670417786 0.044583604 0.996829510 -0.065902807 -1.193253517 -0.998767674 0.045915838 0.018839777 40.585491180
0.025842845 0.064315319 0.997595012 23.222406387 0.046669178 0.996762574 -0.065470628 -1.222711921 -0.998576105 0.048248887 0.022757649 40.594413757
0.028861821 0.064144947 0.997523189 23.767860413 0.045138508 0.996837199 -0.065406859 -1.260440350 -0.998563766 0.046914469 0.025875151 40.612277985
0.031281531 0.066360734 0.997305214 24.303106308 0.042334542 0.996810138 -0.067655660 -1.287834048 -0.998613656 0.044336833 0.028372407 40.644599915
0.034231901 0.066470012 0.997201085 24.847244263 0.043869641 0.996724129 -0.067944184 -1.320369720 -0.998450637 0.046072714 0.031203747 40.661972046
0.037325561 0.066537909 0.997085571 25.401912689 0.041833743 0.996802092 -0.068085030 -1.348508716 -0.998427153 0.044253137 0.034422696 40.682159424
0.039835334 0.066251293 0.997007608 25.958129883 0.040326837 0.996879935 -0.067854069 -1.388742328 -0.998392224 0.042909153 0.037039340 40.707542419
0.042194664 0.065937057 0.996931374 26.507959366 0.037315324 0.997019708 -0.067522265 -1.428843498 -0.998412430 0.040049896 0.039608479 40.740676880
0.045141041 0.069066249 0.996590316 27.071680069 0.036168531 0.996840119 -0.070721842 -1.452537537 -0.998325765 0.039237671 0.042500377 40.776947021
0.048525453 0.072021693 0.996221960 27.622951508 0.034977678 0.996662617 -0.073757306 -1.494011641 -0.998209298 0.038424637 0.045844376 40.811988831
0.051400304 0.073922172 0.995938659 28.176897049 0.034712449 0.996521890 -0.075756989 -1.535756707 -0.998074770 0.038465403 0.048655510 40.844543457
0.054572761 0.076176979 0.995599806 28.735681534 0.028753189 0.996552229 -0.077825934 -1.570443153 -0.998095810 0.032873850 0.052194297 40.878650665
0.057947159 0.075384438 0.995469391 29.303205490 0.024929428 0.996724725 -0.076930664 -1.608347654 -0.998008311 0.029274397 0.055878043 40.912445068
0.060856998 0.076146357 0.995237827 29.861995697 0.027357245 0.996583998 -0.077922210 -1.647761822 -0.997771621 0.031969085 0.058565974 40.957283020
0.064705789 0.076869093 0.994939327 30.430637360 0.026525794 0.996543944 -0.078718171 -1.691106796 -0.997551799 0.031485081 0.062443137 40.992603302
0.067912042 0.078460999 0.994601369 31.007045746 0.022335194 0.996533453 -0.080138482 -1.725249529 -0.997441292 0.027656985 0.065924168 41.049812317
0.072692394 0.076000355 0.994454682 31.583179474 0.021623434 0.996737957 -0.077755488 -1.766682982 -0.997120202 0.027155763 0.070811868 41.089271545
0.076977015 0.076168224 0.994119227 32.158004761 0.021906270 0.996707737 -0.078062817 -1.810198307 -0.996792257 0.027786488 0.075055063 41.138797760
0.081993997 0.079781547 0.993434429 32.727966309 0.017857414 0.996513128 -0.081502676 -1.853595853 -0.996472836 0.024422903 0.080283403 41.195747375
0.088207483 0.088828638 0.992133498 33.292827606 0.016113274 0.995758295 -0.090585753 -1.892384529 -0.995971799 0.023976855 0.086402059 41.243988037
0.095544815 0.093589500 0.991015851 33.865314484 0.014657330 0.995330155 -0.095410064 -1.936920643 -0.995317280 0.023641590 0.093726873 41.303974152
0.103068352 0.096718401 0.989960909 34.449375153 0.010231920 0.995105565 -0.098286323 -1.985338211 -0.994621754 0.020259410 0.101574242 41.368381500
0.110221386 0.095028251 0.989353836 35.032646179 0.006226741 0.995333254 -0.096296288 -2.035597086 -0.993887603 0.016774364 0.109115303 41.440078735
0.117730439 0.092952535 0.988685727 35.581172943 0.006617751 0.995514035 -0.094382539 -2.089617968 -0.993023634 0.017654579 0.116587162 41.495109558
0.124671638 0.089344829 0.988167226 36.175300598 0.006145373 0.995848835 -0.090814687 -2.142190933 -0.992178977 0.017394669 0.123605013 41.580329895
0.132052064 0.083957851 0.987680852 36.761940002 0.003956456 0.996353984 -0.085224085 -2.189201355 -0.991234958 0.015161738 0.131238401 41.668014526
0.138807416 0.076569796 0.987354815 37.350605011 0.001691181 0.996986687 -0.077554502 -2.232745409 -0.990317881 0.012434937 0.138259649 41.766761780
0.146439195 0.074323855 0.986423731 37.940387726 0.001549959 0.997155011 -0.075362533 -2.276822567 -0.989218593 0.012564953 0.145907342 41.859512329
0.153978348 0.075497225 0.985185862 38.511947632 0.001976896 0.997051060 -0.076715484 -2.325158834 -0.988072395 0.013760142 0.153375030 41.944610596
0.158943176 0.082708493 0.983817220 39.083183289 0.001718897 0.996460140 -0.084049061 -2.369143009 -0.987286210 0.015050102 0.158238351 42.053367615
0.164111495 0.085466817 0.982732356 39.649909973 0.000500318 0.996232212 -0.086724438 -2.418663025 -0.986441672 0.014724158 0.163450420 42.151260376
0.169405460 0.088283710 0.981584370 40.212051392 -0.000827506 0.995992184 -0.089436740 -2.467764616 -0.985546172 0.014338814 0.168799579 42.254123688
0.174507737 0.087905481 0.980724156 40.762657166 -0.003236916 0.996052802 -0.088703483 -2.514416218 -0.984650552 0.012304928 0.174103439 42.356304169
0.179561198 0.084764659 0.980088174 41.319427490 0.001464169 0.996256769 -0.086431280 -2.561500549 -0.983745754 0.016954724 0.178764939 42.464141846
0.184297085 0.078156754 0.979758203 41.865676880 0.001209743 0.996814549 -0.079744920 -2.605715752 -0.982869804 0.015882012 0.183615506 42.563446045
0.187373817 0.072276086 0.979626060 42.406265259 -0.001323238 0.997307062 -0.073327482 -2.648857832 -0.982287765 0.012443375 0.186964869 42.673549652
0.190088511 0.068852156 0.979349673 42.940250397 -0.005233709 0.997594714 -0.069119006 -2.689075708 -0.981753051 0.008013105 0.189991653 42.789833069
0.193353713 0.068934135 0.978704512 43.469215393 -0.006652826 0.997597873 -0.068950534 -2.726782322 -0.981106579 0.006820692 0.193347871 42.898815155
0.195778728 0.070723638 0.978094578 43.992008209 -0.008373395 0.997480214 -0.070449322 -2.766307592 -0.980612397 0.005602509 0.195877612 43.006744385
0.197036743 0.075731315 0.977466762 44.504974365 -0.012481101 0.997125089 -0.074738458 -2.796787024 -0.980316699 0.002526361 0.197415471 43.122013092
0.199340880 0.079936683 0.976664364 45.011482239 -0.013753753 0.996797383 -0.078777306 -2.835336208 -0.979833663 0.002270736 0.199801922 43.224349976
0.200986087 0.085230932 0.975879312 45.510963440 -0.014207773 0.996356606 -0.084093228 -2.876071692 -0.979491115 0.003036503 0.201464713 43.339237213
0.202861190 0.087039493 0.975331604 46.003311157 -0.013248302 0.996194482 -0.086145781 -2.916279316 -0.979118049 0.004554160 0.203242302 43.443340302
0.204226613 0.086729780 0.975074172 46.485862732 -0.015695509 0.996229589 -0.085324109 -2.957173586 -0.978797913 0.002121177 0.204817891 43.551532745
0.204720199 0.083609529 0.975243211 46.962165833 -0.015559591 0.996497214 -0.082165465 -2.997414351 -0.978696942 0.001646549 0.205304027 43.652980804
0.205798566 0.081121236 0.975226283 47.438652039 -0.015378397 0.996703267 -0.079662487 -3.035915852 -0.978473544 0.001397010 0.206367671 43.752021790
0.205264270 0.079604924 0.975463867 47.919494629 -0.014222313 0.996824026 -0.078355305 -3.075531483 -0.978603244 0.002210200 0.205744565 43.865440369
0.203443587 0.079434536 0.975859106 48.389915466 -0.015236177 0.996839583 -0.077965960 -3.111038923 -0.978968203 0.000993319 0.204010904 43.972625732
0.201981425 0.080542311 0.976071954 48.831577301 -0.016418289 0.996751189 -0.078851208 -3.146183252 -0.979251742 -0.000098951 0.202647567 44.058624268
0.199625075 0.083880335 0.976275504 49.271072388 -0.017278086 0.996475697 -0.082082950 -3.180250406 -0.979719937 -0.000482358 0.200370848 44.151203156
0.197187781 0.086729869 0.976522028 49.698959351 -0.015071597 0.996229589 -0.085436836 -3.221936226 -0.980250061 0.002129365 0.197751462 44.240787506
0.195686460 0.087756991 0.976732016 50.137477875 -0.012947317 0.996132374 -0.086906090 -3.255810261 -0.980581045 0.004360285 0.196065784 44.326644897
0.193020105 0.086860403 0.977342606 50.576469421 -0.013815794 0.996215820 -0.085809194 -3.287140846 -0.981097579 0.003060140 0.193489730 44.424671173
0.190151095 0.084100887 0.978146076 51.002582550 -0.014188025 0.996455431 -0.082916982 -3.321013927 -0.981652379 0.001888797 0.190670311 44.514518738
0.188513219 0.079952091 0.978810847 51.417076111 -0.013806373 0.996797800 -0.078762308 -3.359297276 -0.981973708 0.001333918 0.189013422 44.588554382
0.186658025 0.079038389 0.979240477 51.822883606 -0.009869516 0.996859014 -0.078579187 -3.392014980 -0.982375443 0.005002815 0.186851799 44.666698456
0.184735179 0.080532625 0.979483247 52.231689453 -0.006567009 0.996715903 -0.080710918 -3.424905777 -0.982766390 0.008477874 0.184657335 44.739723206
0.182161450 0.082436681 0.979806960 52.628807068 -0.002356205 0.996513009 -0.083404213 -3.455684423 -0.983265936 0.012884412 0.181720495 44.810886383
0.180370688 0.084573820 0.979955971 53.024269104 -0.002931219 0.996338308 -0.085448153 -3.483805180 -0.983594358 0.012539878 0.179958165 44.884906769
0.179059982 0.086878419 0.979994893 53.419651031 -0.003300492 0.996140897 -0.087706760 -3.518405199 -0.983832836 0.012470316 0.178655684 44.960357666
0.178617835 0.085731462 0.980176508 53.828437805 -0.001810197 0.996223688 -0.086805165 -3.550656796 -0.983916938 0.013730645 0.178098500 45.024871826
0.178736031 0.084244251 0.980283976 54.237129211 0.004325297 0.996250689 -0.086405069 -3.582241058 -0.983887672 0.019683722 0.177701473 45.106731415
0.181044400 0.082311809 0.980024338 54.618934631 0.008856062 0.996314585 -0.085316047 -3.613443613 -0.983435035 0.024125157 0.179648221 45.165611267
0.182848871 0.081823006 0.979730248 55.021697998 0.011652965 0.996280313 -0.085380018 -3.644372225 -0.983072042 0.027028400 0.181215227 45.244701385
0.186199427 0.081300408 0.979142606 55.422992706 0.009143643 0.996384025 -0.084470823 -3.677827835 -0.982469499 0.024681356 0.184782743 45.324012756
0.191726685 0.081865370 0.978028238 55.819282532 0.008365195 0.996342599 -0.085038245 -3.709572792 -0.981412828 0.024485508 0.190340638 45.405467987
0.197624266 0.081162140 0.976912141 56.217918396 0.009231657 0.996368289 -0.084646083 -3.738350153 -0.980234385 0.025746638 0.196157277 45.493373871
0.204992115 0.081209406 0.975388825 56.636177063 0.007124234 0.996401727 -0.084456183 -3.772040844 -0.978737772 0.024261752 0.203675985 45.591014862
0.214148879 0.079350598 0.973572671 57.054893494 0.007374793 0.996535242 -0.082844324 -3.802724361 -0.976773202 0.024920924 0.212821722 45.681926727
0.223256409 0.078851491 0.971565306 57.469512939 0.003753353 0.996645868 -0.081749499 -3.837684870 -0.974752605 0.021897731 0.222211599 45.773986816
0.232202947 0.078395873 0.969503045 57.887252808 0.002499536 0.996695220 -0.081193358 -3.871572733 -0.972664237 0.021276649 0.231239617 45.890991211
0.242137194 0.082533211 0.966725409 58.316463470 -0.002761845 0.996430039 -0.084377453 -3.900156021 -0.970238149 0.017760985 0.241500735 46.003349304
0.250937700 0.084664598 0.964293718 58.746292114 -0.006426357 0.996291518 -0.085801676 -3.932822704 -0.967982054 0.015333991 0.250551224 46.132507324
0.262304425 0.087641478 0.960997105 59.189796448 -0.010265201 0.996064246 -0.088037670 -3.965784073 -0.964930654 0.013227846 0.262171686 46.261772156
0.272574782 0.089411013 0.957971096 59.625797272 -0.011994980 0.995911062 -0.089539118 -3.999485970 -0.962059855 0.012915261 0.272532761 46.391975403
0.282259703 0.089996234 0.955107450 60.074966431 -0.014931913 0.995881557 -0.089425460 -4.035799980 -0.959221840 0.010979626 0.282441020 46.535472870
0.292691946 0.090510324 0.951913536 60.536010742 -0.015860353 0.995832682 -0.089809567 -4.072133064 -0.956075251 0.011188861 0.292907715 46.682884216
0.302861094 0.091085806 0.948671997 60.998664856 -0.019877676 0.995809495 -0.089265764 -4.109612465 -0.952827394 0.008177735 0.303402543 46.843021393
0.313613415 0.086726993 0.945581853 61.464805603 -0.020025134 0.996202826 -0.084728286 -4.146073341 -0.949339569 0.007636521 0.314159274 46.998718262
0.324248612 0.079798378 0.942600191 61.948989868 -0.016413473 0.996760249 -0.078737319 -4.183052540 -0.945829570 0.010059126 0.324507892 47.168228149
0.335288405 0.075322300 0.939099848 62.430568695 -0.014830837 0.997097313 -0.074679032 -4.219378471 -0.941998899 0.011111386 0.335432231 47.336925507
0.345640957 0.071912900 0.935607195 62.916641235 -0.015370963 0.997359216 -0.070980817 -4.255577564 -0.938240886 0.010152690 0.345833540 47.531135559
0.354583204 0.069702655 0.932422936 63.416542053 -0.009368110 0.997432351 -0.070999876 -4.286090374 -0.934977710 0.016440330 0.354325712 47.727272034
0.363683999 0.064480588 0.929288089 63.924888611 -0.002854606 0.997673810 -0.068108514 -4.313163757 -0.931518137 0.022117238 0.363022089 47.918163300
0.370855391 0.054772593 0.927074134 64.444854736 0.006961824 0.998067260 -0.061751880 -4.344524384 -0.928664625 0.029355148 0.369757354 48.121574402
0.377821982 0.050524913 0.924498677 64.961868286 0.012286514 0.998148441 -0.059571177 -4.376475811 -0.925796747 0.033866167 0.376501620 48.328529358
0.385032594 0.050764345 0.921505749 65.470336914 0.014001472 0.998049855 -0.060831279 -4.409375191 -0.922796786 0.036324464 0.383570969 48.547256470
0.392359316 0.056967854 0.918046296 65.987045288 0.016110532 0.997501493 -0.068783723 -4.441128731 -0.919670999 0.041778151 0.390461266 48.768527985
0.399892747 0.061236620 0.914514065 66.496139526 0.020151863 0.996937037 -0.075567611 -4.472432137 -0.916340470 0.048648100 0.397433817 48.981941223
0.404823065 0.063413955 0.912193418 67.015968323 0.018022917 0.996845186 -0.077297181 -4.513214111 -0.914217353 0.047732070 0.402403057 49.222774506
0.409137487 0.064842731 0.910165846 67.516410828 0.010735849 0.997060716 -0.075859331 -4.555804253 -0.912409604 0.040808305 0.407238781 49.462730408
0.413357973 0.069123231 0.907941282 68.022155762 0.003767446 0.996976137 -0.077616833 -4.592581749 -0.910560906 0.035504162 0.411847591 49.700408936
0.417517424 0.071576089 0.905845404 68.515594482 0.003344290 0.996765018 -0.080301598 -4.642971992 -0.908662677 0.036556717 0.415927410 49.930831909
0.421332359 0.076247349 0.903695464 68.998931885 -0.000569481 0.996481538 -0.083810478 -4.681401253 -0.906906128 0.034797434 0.419893384 50.167858124
0.424810708 0.079190359 0.901811957 69.481033325 -0.003332268 0.996296704 -0.085917585 -4.721714973 -0.905276060 0.033493631 0.423501372 50.393688202
0.428547621 0.077872634 0.900157154 69.955680847 -0.004771564 0.996460021 -0.083932154 -4.764113903 -0.903506696 0.031673767 0.427402139 50.628643036
0.433111548 0.074726425 0.898237467 70.436393738 -0.003836587 0.996701181 -0.081067935 -4.809426308 -0.901332259 0.031665303 0.431969464 50.857704163
0.436324298 0.071900912 0.896912158 70.902053833 -0.004687659 0.996970296 -0.077641644 -4.857334137 -0.899777353 0.029672513 0.435339391 51.091510773
0.440042496 0.070770122 0.895183980 71.358688354 -0.005446739 0.997081637 -0.076148368 -4.896680832 -0.897960484 0.028632691 0.439143777 51.319633484
0.443342030 0.072762594 0.893394351 71.821792603 -0.007512145 0.996966362 -0.077470168 -4.933907986 -0.896321058 0.027634472 0.442543685 51.562194824
0.446070731 0.072628632 0.892046034 72.232589722 -0.005954560 0.996920705 -0.078189731 -4.969765663 -0.894977987 0.029566413 0.445129573 51.760780334
0.448241353 0.070815042 0.891103268 72.671516418 -0.003931750 0.997003734 -0.077253118 -5.006481171 -0.893903971 0.031124454 0.447176754 51.984615326
0.450397909 0.069928080 0.890085340 73.101547241 -0.002336618 0.997017026 -0.077146634 -5.041309357 -0.892825007 0.032666899 0.449217737 52.190879822
0.452028334 0.069732592 0.889273763 73.531188965 -0.003277138 0.997062743 -0.076519080 -5.078425407 -0.891997576 0.031674519 0.450929165 52.426773071
0.453692913 0.069168605 0.888469756 73.944671631 -0.002282590 0.997070193 -0.076457709 -5.118116379 -0.891155183 0.032660313 0.452521563 52.641849518
0.456743002 0.070719466 0.886783361 74.350982666 -0.001918431 0.996911168 -0.078513876 -5.143345833 -0.889596701 0.034159429 0.455467880 52.841281891
0.459256947 0.070452310 0.885505319 74.761909485 0.001994833 0.996765614 -0.080338970 -5.176009655 -0.888301253 0.038662676 0.457630992 53.064605713
0.462872386 0.069762230 0.883675516 75.162597656 0.003701311 0.996737480 -0.080626734 -5.210162163 -0.886417210 0.040590644 0.461104035 53.269287109
0.465992033 0.067694098 0.882195592 75.552154541 0.007011786 0.996755064 -0.080188423 -5.245560169 -0.884761214 0.043552939 0.464005232 53.475193024
0.469338059 0.066786632 0.880489290 75.931961060 0.008523526 0.996746480 -0.080148354 -5.277504444 -0.882977426 0.045121551 0.467241824 53.677749634
0.472685456 0.066623725 0.878709197 76.308128357 0.010032393 0.996666551 -0.080964006 -5.306187153 -0.881174207 0.047086067 0.470441341 53.880680084
0.476309597 0.065865867 0.876807213 76.682945251 0.009624586 0.996740103 -0.080103628 -5.347203255 -0.879225016 0.046593033 0.474122941 54.084754944
0.479374111 0.065189227 0.875186145 77.049713135 0.011540391 0.996682942 -0.080560178 -5.379982948 -0.877534807 0.048718452 0.477031708 54.291812897
0.483261824 0.066549487 0.872942805 77.414726257 0.011155793 0.996557593 -0.082149215 -5.411593437 -0.875404835 0.049437948 0.480855823 54.501075745
0.487802863 0.066644989 0.870406151 77.775512695 0.013460614 0.996388733 -0.083834939 -5.442225933 -0.872850060 0.052611124 0.485144198 54.697349548
0.492685139 0.070001602 0.867387533 78.127296448 0.011065919 0.996174693 -0.086680792 -5.478814125 -0.870137334 0.052304782 0.490025818 54.896320343
0.498069942 0.075593635 0.863835633 78.469772339 0.007837258 0.995759785 -0.091657028 -5.514301777 -0.867101490 0.052421719 0.495365620 55.100120544
0.503477335 0.082691826 0.860042274 78.834007263 0.002719775 0.995252907 -0.097284324 -5.547978401 -0.864004195 0.051319577 0.500862360 55.338672638
0.509707272 0.089154571 0.855716109 79.183059692 -0.002242122 0.994750559 -0.102304660 -5.580030441 -0.860345006 0.050226815 0.507231474 55.557102203
0.515724897 0.093565509 0.851629853 79.529792786 -0.005942818 0.994385540 -0.105650745 -5.620338917 -0.856733680 0.049425639 0.513385415 55.787673950
0.521121144 0.094070107 0.848282754 79.879753113 -0.009818319 0.994502306 -0.104253441 -5.652829170 -0.853426278 0.045999959 0.519179761 56.010536194
0.526831985 0.093217216 0.844842374 80.239356995 -0.016615592 0.994907439 -0.099413671 -5.692251205 -0.849807084 0.038336746 0.525697947 56.249942780
0.532389939 0.090763494 0.841619313 80.605644226 -0.023163904 0.995424867 -0.092697501 -5.733436108 -0.846182287 0.029856030 0.532056570 56.494308472
0.538210750 0.088468470 0.838154376 80.968292236 -0.029527845 0.995844364 -0.086151950 -5.775372505 -0.842292964 0.021619022 0.538586378 56.742660522
0.544595182 0.086963095 0.834178388 81.337493896 -0.032033846 0.996040881 -0.082923904 -5.806413174 -0.838087142 0.018438026 0.545224845 56.988868713
0.550810695 0.090547100 0.829704106 81.707473755 -0.037210364 0.995773435 -0.083967924 -5.838935852 -0.833800375 0.015376847 0.551851988 57.252117157
0.556671977 0.094607808 0.825327635 82.081680298 -0.041253857 0.995416403 -0.086280048 -5.873856544 -0.829707503 0.013981733 0.558023334 57.518905640
0.563338280 0.098008499 0.820392787 82.467941284 -0.043800190 0.995085776 -0.088802032 -5.906082153 -0.825064600 0.014092222 0.564862728 57.787361145
0.569175839 0.100281216 0.816077650 82.846260071 -0.046623401 0.994873881 -0.089734428 -5.943046093 -0.820892990 0.013026357 0.570933580 58.071739197
