1.000000000 0.000000000 0.000000000 0.000000000 0.000000000 1.000000000 0.000000000 0.000000000 0.000000000 0.000000000 1.000000000 0.000000000
0.999998271 0.001021349 0.001565944 -0.005596024 -0.001014211 0.999989152 -0.004552182 -0.002043969 -0.001570576 0.004550586 0.999988437 0.693626225
0.999996901 -0.000868137 0.002322144 -0.003755748 0.000881225 0.999983728 -0.005641002 0.002057757 -0.002317209 0.005643031 0.999981403 1.383011937
0.999992371 -0.001820745 0.003457512 -0.011659184 0.001827603 0.999996364 -0.001981462 0.007512774 -0.003453892 0.001987766 0.999992073 2.075525522
0.999987066 -0.004160869 0.002933112 -0.009517836 0.004148907 0.999983072 0.004072902 0.006845292 -0.002950009 -0.004060681 0.999987423 2.762258530
0.999967992 -0.007878877 0.001376756 -0.005474182 0.007873164 0.999960601 0.004106775 0.007861187 -0.001409058 -0.004095804 0.999990642 3.441628933
0.999945939 -0.010381936 0.000551885 -0.004059582 0.010381208 0.999945283 0.001305868 0.011581384 -0.000565412 -0.001300068 0.999998987 4.119170189
0.999937057 -0.011206959 -0.000507180 -0.004542239 0.011205803 0.999934733 -0.002229279 0.014546897 0.000532130 0.002223456 0.999997377 4.788061142
0.999942303 -0.010711582 -0.000807533 -0.014550692 0.010709310 0.999938846 -0.002767004 0.013445976 0.000837122 0.002758196 0.999995828 5.459448338
0.999943376 -0.010488084 -0.001794407 -0.015617579 0.010486951 0.999944806 -0.000639528 0.009085025 0.001801015 0.000620674 0.999998212 6.140286446
0.999946117 -0.010072407 -0.002517940 -0.021875583 0.010078226 0.999946535 0.002308797 0.010309666 0.002494551 -0.002334049 0.999994159 6.805635929
0.999938190 -0.010523745 -0.003593269 -0.024483094 0.010538063 0.999936521 0.003989274 0.012153186 0.003551058 -0.004026894 0.999985576 7.468147755
0.999923706 -0.011654865 -0.004089632 -0.025360737 0.011672985 0.999922037 0.004435071 0.016110269 0.004037623 -0.004482471 0.999981821 8.134636879
0.999919593 -0.011709049 -0.004865627 -0.033677429 0.011730507 0.999921501 0.004405145 0.019772595 0.004813665 -0.004461867 0.999978483 8.797632217
0.999910176 -0.012162419 -0.005634124 -0.038172133 0.012180306 0.999920845 0.003151550 0.020355059 0.005595347 -0.003219893 0.999979138 9.446651459
0.999893486 -0.012747223 -0.007109342 -0.040024668 0.012758412 0.999917448 0.001530806 0.018613759 0.007089241 -0.001621347 0.999973536 10.105570793
0.999868751 -0.013838975 -0.008425946 -0.050928596 0.013837429 0.999904215 -0.000241819 0.024957826 0.008428485 0.000125194 0.999964476 10.762899399
0.999854267 -0.013577629 -0.010350412 -0.059667341 0.013571138 0.999907672 -0.000697144 0.023787798 0.010358922 0.000556576 0.999946177 11.417050362
0.999856234 -0.012450597 -0.011509258 -0.078862496 0.012433044 0.999921441 -0.001595440 0.023667438 0.011528218 0.001452116 0.999932468 12.071055412
0.999847054 -0.011481788 -0.013193108 -0.095861226 0.011465479 0.999933422 -0.001311120 0.020860527 0.013207283 0.001159655 0.999912083 12.722655296
0.999817312 -0.011279414 -0.015430504 -0.086995237 0.011268864 0.999936223 -0.000770538 0.023983177 0.015438212 0.000596513 0.999880672 13.364883423
0.999790847 -0.010798967 -0.017369496 -0.098021485 0.010810235 0.999941409 0.000554871 0.024840210 0.017362485 -0.000742523 0.999848962 14.004568100
0.999771953 -0.010589566 -0.018544711 -0.115633458 0.010614214 0.999942899 0.001231187 0.023468714 0.018530615 -0.001427744 0.999827266 14.642644882
0.999733090 -0.011919608 -0.019792000 -0.134117007 0.011944557 0.999927998 0.001142796 0.024899496 0.019776953 -0.001378897 0.999803483 15.275724411
0.999690473 -0.012117881 -0.021729287 -0.149487957 0.012148138 0.999925435 0.001260963 0.020571057 0.021712385 -0.001524543 0.999763072 15.901350021
0.999686480 -0.010573083 -0.022696681 -0.153960541 0.010587436 0.999943793 0.000512346 0.030407071 0.022689991 -0.000752485 0.999742270 16.560379028
0.999658227 -0.010485656 -0.023947230 -0.168846339 0.010550032 0.999941051 0.002563521 0.031518899 0.023918940 -0.002815289 0.999709964 17.178487778
0.999630570 -0.011443560 -0.024652742 -0.186278164 0.011590519 0.999915838 0.005826554 0.030743944 0.024583992 -0.006110140 0.999679089 17.789136887
0.999623299 -0.010443752 -0.025381496 -0.201416835 0.010605940 0.999924123 0.006263833 0.043219365 0.025314154 -0.006530669 0.999658227 18.427667618
0.999604344 -0.009973593 -0.026299141 -0.218625888 0.010111243 0.999935865 0.005106190 0.046039358 0.026246525 -0.005370087 0.999641061 19.024042130
0.999615908 -0.008756788 -0.026294287 -0.245691091 0.008820257 0.999958456 0.002298819 0.049751062 0.026273064 -0.002529858 0.999651611 19.610654831
0.999593496 -0.005876836 -0.027898917 -0.253059626 0.005889394 0.999982595 0.000367989 0.055588361 0.027896268 -0.000532147 0.999610662 20.210613251
0.999567151 -0.004972258 -0.028995829 -0.273473531 0.004967170 0.999987662 -0.000247492 0.057811946 0.028996700 0.000103358 0.999579489 20.784744263
0.999528766 -0.005007955 -0.030283969 -0.294060379 0.004990803 0.999987364 -0.000641935 0.056631431 0.030286800 0.000490491 0.999541104 21.347084045
0.999463320 -0.005119065 -0.032355804 -0.309462786 0.005079145 0.999986231 -0.001315872 0.055666801 0.032362092 0.001150826 0.999475539 21.922767639
0.999397278 -0.005022559 -0.034348533 -0.331913918 0.004977106 0.999986649 -0.001408673 0.055807654 0.034355149 0.001236868 0.999408901 22.473136902
0.999330640 -0.004468224 -0.036308751 -0.355960339 0.004457586 0.999989986 -0.000373921 0.058482021 0.036310054 0.000211821 0.999340534 23.025964737
0.999243617 -0.005298985 -0.038523562 -0.369725704 0.005370285 0.999984026 0.001747586 0.061828874 0.038513690 -0.001953147 0.999256134 23.578651428
0.999175727 -0.004465374 -0.040347543 -0.398218125 0.004611862 0.999983132 0.003538308 0.059216857 0.040331062 -0.003721469 0.999179423 24.104282379
0.999097586 -0.002816897 -0.042380270 -0.423953980 0.002954884 0.999990523 0.003193643 0.065986253 0.042370874 -0.003315990 0.999096453 24.633363724
0.998988509 -0.000620349 -0.044961933 -0.438297033 0.000732676 0.999996662 0.002481831 0.065713041 0.044960242 -0.002512263 0.998985589 25.173225403
0.998913229 0.001309815 -0.046590716 -0.467062801 -0.001225728 0.999997556 0.001833342 0.068090163 0.046593003 -0.001774242 0.998912394 25.682056427
0.998846412 0.001759481 -0.047986865 -0.496601909 -0.001616784 0.999994159 0.003012319 0.068740234 0.047991887 -0.002931259 0.998843431 26.187330246
0.998777866 0.002585080 -0.049356233 -0.521674335 -0.002370727 0.999987483 0.004401019 0.077024408 0.049366992 -0.004278630 0.998771548 26.708049774
0.998753428 0.005157696 -0.049648494 -0.549110770 -0.004917124 0.999975562 0.004966426 0.078046113 0.049672894 -0.004716107 0.998754382 27.198057175
0.998795688 0.008736514 -0.048278984 -0.579708576 -0.008615303 0.999959171 0.002718189 0.078224070 0.048300762 -0.002298978 0.998830199 27.673915863
0.998861909 0.009953155 -0.046646163 -0.601264477 -0.009983276 0.999950051 -0.000412791 0.080465242 0.046639726 0.000878002 0.998911381 28.148855209
0.998937786 0.010129319 -0.044952139 -0.619809747 -0.010241142 0.999944985 -0.002258031 0.083307609 0.044926792 0.002715993 0.998986602 28.611045837
0.999081612 0.011738198 -0.041209184 -0.646878779 -0.011814585 0.999928892 -0.001610603 0.086457781 0.041187346 0.002095993 0.999149263 29.072462082
0.999136448 0.016131388 -0.038289603 -0.670809388 -0.016102241 0.999869764 0.001069478 0.084609911 0.038301867 -0.000452006 0.999266088 29.528423309
0.999182642 0.020592280 -0.034784611 -0.682644665 -0.020445108 0.999780476 0.004581349 0.086290337 0.034871314 -0.003866430 0.999384344 29.987770081
0.999211192 0.025484029 -0.030456781 -0.701874852 -0.025328103 0.999664068 0.005494485 0.087989293 0.030586571 -0.004718738 0.999520957 30.423294067
0.999258220 0.029206952 -0.025098087 -0.720089257 -0.029075043 0.999561489 0.005604785 0.091389135 0.025250779 -0.004870900 0.999669254 30.843296051
0.999267340 0.033186112 -0.019064855 -0.733771324 -0.033040818 0.999422908 0.007886350 0.092336528 0.019315571 -0.007250654 0.999787152 31.256685257
0.999191940 0.038079027 -0.012864255 -0.737066507 -0.037963945 0.999237895 0.009074881 0.092388578 0.013200014 -0.008579169 0.999876082 31.662405014
0.999135077 0.041144568 -0.006018706 -0.738175631 -0.041092541 0.999118984 0.008527048 0.094700500 0.006364245 -0.008272348 0.999945521 32.046543121
0.999009192 0.044486072 0.001251314 -0.739430606 -0.044495288 0.998971820 0.008687911 0.094833210 -0.000863536 -0.008734980 0.999961495 32.415176392
0.998777807 0.048625071 0.008862117 -0.740767002 -0.048695300 0.998782516 0.007888935 0.099434532 -0.008467728 -0.008310837 0.999929607 32.775588989
0.998466551 0.052901946 0.016305834 -0.735763669 -0.052990600 0.998582244 0.005053346 0.101898372 -0.016015384 -0.005909653 0.999854267 33.109882355
0.998197615 0.054964114 0.024092879 -0.728007793 -0.055025365 0.998483181 0.001886387 0.102260463 -0.023952652 -0.003208706 0.999707937 33.438385010
0.997944474 0.055696756 0.031696409 -0.715246856 -0.055787519 0.998440683 0.001985822 0.099331103 -0.031536378 -0.003750004 0.999495566 33.730064392
0.997676313 0.055126913 0.040036753 -0.705592573 -0.055301704 0.998464346 0.003270624 0.099998668 -0.039794974 -0.005477124 0.999192834 34.016868591
0.997255266 0.056602240 0.047729567 -0.685996413 -0.056846358 0.998375833 0.003771792 0.102041982 -0.047438554 -0.006474691 0.998853147 34.292705536
0.996630371 0.059764910 0.056178782 -0.669871986 -0.060080435 0.998185754 0.003942894 0.103302062 -0.055841211 -0.007304854 0.998412967 34.554801941
0.995789349 0.064543307 0.065097883 -0.657749832 -0.064877108 0.997888684 0.003024561 0.105236292 -0.064765230 -0.007235188 0.997874320 34.789665222
0.994924963 0.068112843 0.074060842 -0.639192045 -0.068533801 0.997643828 0.003154563 0.102560639 -0.073671475 -0.008214224 0.997248709 35.007965088
0.994218409 0.067735158 0.083316870 -0.619122803 -0.068309836 0.997655869 0.004063041 0.097993121 -0.082846351 -0.009730911 0.996514797 35.210147858
0.993349135 0.066507079 0.093990907 -0.593595505 -0.067013316 0.997749567 0.002236438 0.096397884 -0.093630642 -0.008520206 0.995570540 35.402469635
0.992250204 0.065286621 0.105722010 -0.567751586 -0.065400049 0.997856259 -0.002397336 0.096353009 -0.105651885 -0.004535468 0.994392812 35.596138000
0.990714788 0.066067904 0.118824221 -0.538273633 -0.065748855 0.997814298 -0.006607512 0.096866980 -0.119001053 -0.001266397 0.992893338 35.784835815
0.988610923 0.067679323 0.134417072 -0.509498537 -0.067107566 0.997707069 -0.008785134 0.094957784 -0.134703442 -0.000335323 0.990885913 35.966304779
0.986158013 0.069715358 0.150439858 -0.473701179 -0.068997897 0.997566760 -0.009990009 0.088844806 -0.150770277 -0.000528307 0.988568664 36.151241302
0.983355224 0.070361845 0.167516187 -0.439323127 -0.069432132 0.997521460 -0.011407809 0.089274943 -0.167903677 -0.000413077 0.985803306 36.336975098
0.980197072 0.069373667 0.185474947 -0.393831849 -0.068204477 0.997590721 -0.012684694 0.087285131 -0.185908064 -0.000216720 0.982567132 36.518222809
0.976415038 0.068288997 0.204817638 -0.346410036 -0.067006618 0.997665226 -0.013198543 0.086111158 -0.205240741 -0.000836880 0.978711188 36.694580078
0.971913636 0.068477653 0.225154877 -0.294432104 -0.066935323 0.997652173 -0.014485728 0.082768440 -0.225618184 -0.000991935 0.974215329 36.872943878
0.966690540 0.070660055 0.246001124 -0.238696575 -0.068637937 0.997500241 -0.016795784 0.079036862 -0.246572971 -0.000648683 0.969124019 37.038146973
0.960454941 0.072321042 0.268879116 -0.180209965 -0.069736749 0.997381330 -0.019163445 0.077191144 -0.269560933 -0.000345128 0.962983251 37.224475861
0.953373432 0.073114581 0.292802691 -0.108030915 -0.070306651 0.997322559 -0.020117048 0.068148047 -0.293489575 -0.001406915 0.955961227 37.388576508
0.944820464 0.075965233 0.318658978 -0.039055288 -0.073013879 0.997105241 -0.021214901 0.064629495 -0.319348127 -0.003222253 0.947632015 37.564247131
0.935025454 0.077922300 0.345912606 0.039144814 -0.074848175 0.996946514 -0.022258246 0.056147635 -0.346590787 -0.005078899 0.938002706 37.734004974
0.923919678 0.078812055 0.374380946 0.124614000 -0.075396337 0.996869922 -0.023786496 0.049723804 -0.375083745 -0.006250135 0.926969886 37.905899048
0.911529899 0.076449931 0.404065132 0.227189183 -0.072157428 0.997057796 -0.025865484 0.041459620 -0.404853702 -0.005579136 0.914364457 38.072082520
0.896618843 0.074066930 0.436564684 0.330919981 -0.068316482 0.997245550 -0.028882489 0.037869871 -0.437501431 -0.003927977 0.899209142 38.247234344
0.879532993 0.073210061 0.470172346 0.450706005 -0.065226570 0.997315586 -0.033274196 0.028830588 -0.471346200 -0.001401972 0.881947160 38.413223267
0.860017121 0.075226478 0.504689515 0.562742949 -0.064655088 0.997166395 -0.038456973 0.023272336 -0.506152451 0.000442911 0.862443924 38.569988251
0.838300586 0.076990843 0.539744914 0.693785906 -0.063902110 0.997030616 -0.042970408 0.015115917 -0.541450560 0.001531281 0.840731204 38.729213715
0.813800633 0.079728886 0.575649083 0.837786198 -0.064548552 0.996816158 -0.046808712 0.006779373 -0.577548325 0.000935648 0.816356003 38.896705627
0.786510646 0.083765507 0.611869574 0.993939400 -0.067302436 0.996483624 -0.049907498 -0.003250599 -0.613898516 -0.001927530 0.789382577 39.064403534
0.756570518 0.088159405 0.647942126 1.152989864 -0.070761167 0.996089339 -0.052904159 -0.015794396 -0.650072277 -0.005823411 0.759850085 39.232936859
0.723507643 0.089342982 0.684510410 1.335500240 -0.070322186 0.995969892 -0.055666476 -0.029212594 -0.686725199 -0.007861139 0.726874709 39.398117065
0.686791420 0.086681768 0.721667469 1.534965515 -0.066240951 0.996196091 -0.056616567 -0.048723221 -0.723829925 -0.008920165 0.689920783 39.564613342
0.647699714 0.085253075 0.757111013 1.758575439 -0.063067570 0.996308863 -0.058233924 -0.062893391 -0.759280980 -0.010031044 0.650685668 39.723960876
0.605241895 0.084753998 0.791516900 2.001230240 -0.060638685 0.996335685 -0.060317546 -0.078080654 -0.793728709 -0.011489829 0.608163476 39.886173248
0.558926105 0.084961794 0.824853420 2.258434296 -0.057193942 0.996318102 -0.063868061 -0.092801332 -0.827242732 -0.011479080 0.561727524 40.037700653
0.510799170 0.083539560 0.855631530 2.539445877 -0.053794201 0.996423066 -0.065171413 -0.114688873 -0.858015358 -0.012738513 0.513466060 40.180885315
0.462166429 0.081489123 0.883041203 2.839525223 -0.051468633 0.996555328 -0.065026805 -0.134079337 -0.885298431 -0.015395708 0.464768529 40.315853119
0.412551105 0.079465270 0.907461941 3.145456314 -0.050699592 0.996646643 -0.064225972 -0.151318312 -0.909522593 -0.019511435 0.415196538 40.432979584
0.362659395 0.079504423 0.928524315 3.483057022 -0.054446943 0.996459961 -0.064055704 -0.171023607 -0.930329978 -0.027324891 0.365704358 40.545360565
0.313353062 0.079865053 0.946272373 3.817611694 -0.052086279 0.996402740 -0.066847935 -0.189431429 -0.948207140 -0.028340805 0.316385746 40.640182495
0.266501963 0.076554403 0.960789382 4.160451889 -0.040526628 0.996849120 -0.068186395 -0.210937619 -0.962981999 -0.020765737 0.268764734 40.704166412
0.222814500 0.070732899 0.972291529 4.530122757 -0.027425664 0.997424304 -0.066276297 -0.234598637 -0.974475086 -0.011898410 0.224180520 40.754661560
0.180445850 0.069928028 0.981096029 4.905185699 -0.018219719 0.997536063 -0.067748770 -0.255860090 -0.983416200 -0.005650308 0.181275308 40.798851013
0.141881824 0.071557380 0.987293899 5.289251328 -0.014401445 0.997427404 -0.070222244 -0.271944761 -0.989778936 -0.004255194 0.142547309 40.842201233
0.109519243 0.072055265 0.991369665 5.683032990 -0.005575154 0.997397900 -0.071877524 -0.300780296 -0.993969142 0.002344944 0.109635949 40.863124847
0.080804765 0.070314229 0.994246721 6.084829330 0.001805797 0.997496665 -0.070690826 -0.328109384 -0.996728301 0.007507566 0.080475509 40.876304626
0.055630207 0.068499818 0.996098936 6.502637863 0.008838421 0.997570932 -0.069094658 -0.354681134 -0.998412311 0.012647694 0.054889619 40.889793396
0.035334349 0.067525536 0.997091770 6.925632477 0.013326501 0.997594118 -0.068031825 -0.378537655 -0.999286771 0.015691608 0.034349442 40.897560120
0.019597769 0.069183357 0.997411609 7.344268799 0.016351053 0.997447431 -0.069507129 -0.401305199 -0.999674439 0.017670922 0.018416524 40.896766663
0.006302416 0.069195665 0.997583270 7.770927429 0.017228784 0.997447431 -0.069295093 -0.423880935 -0.999831796 0.017623879 0.005094171 40.893199921
-0.005349755 0.069705173 0.997553289 8.216293335 0.018372364 0.997406065 -0.069596358 -0.456627131 -0.999816954 0.017955095 -0.006616473 40.888542175
-0.014223814 0.072588392 0.997260690 8.665031433 0.022879504 0.997123957 -0.072252125 -0.484715581 -0.999637127 0.021789130 -0.015843630 40.873905182
-0.021023989 0.074511275 0.996998668 9.122314453 0.027040137 0.996896505 -0.073933452 -0.509587765 -0.999413371 0.025404606 -0.022973537 40.862602234
-0.025496960 0.073873803 0.996941507 9.577812195 0.027249286 0.996946633 -0.073177263 -0.538004160 -0.999303401 0.025300143 -0.027432084 40.850059509
-0.029250622 0.071178220 0.997034669 10.053337097 0.024808316 0.997205853 -0.070462629 -0.565787196 -0.999264240 0.022673680 -0.030934691 40.843391418
-0.032066107 0.064273991 0.997416914 10.542633057 0.022714226 0.997719288 -0.063563228 -0.592871785 -0.999227583 0.020617323 -0.033452988 40.834472656
-0.033692956 0.058585111 0.997713685 11.040157318 0.023584384 0.998049080 -0.057808362 -0.619851470 -0.999153972 0.021582732 -0.035008907 40.822441101
-0.034118891 0.055866312 0.997855246 11.538974762 0.026213195 0.998142958 -0.054986142 -0.647108436 -0.999074042 0.024280911 -0.035519958 40.804542542
-0.034331799 0.057642546 0.997746944 12.039752960 0.029508833 0.997958541 -0.056639403 -0.681819081 -0.998974919 0.027497821 -0.035962701 40.788940430
-0.033264160 0.065212138 0.997316957 12.548789978 0.030545359 0.997469246 -0.064203307 -0.704705834 -0.998979807 0.028327744 -0.035171866 40.769439697
-0.030418158 0.073928796 0.996799529 13.067745209 0.031822287 0.996827066 -0.072959758 -0.726703644 -0.999030530 0.029501140 -0.032674193 40.748004913
-0.028690934 0.074753068 0.996789396 13.585393906 0.032355875 0.996746659 -0.073818572 -0.753352284 -0.999064624 0.030134076 -0.031016350 40.739620209
-0.026064873 0.070132151 0.997197211 14.124923706 0.031799298 0.997089386 -0.069293402 -0.788422227 -0.999154389 0.029904045 -0.028219223 40.723510742
-0.023339391 0.063641518 0.997699976 14.662710190 0.031269789 0.997529924 -0.062899180 -0.822526693 -0.999238610 0.029729849 -0.025271773 40.707042694
-0.020776272 0.062510863 0.997828066 15.193363190 0.029140724 0.997657239 -0.061893418 -0.852944493 -0.999359429 0.027791522 -0.022549152 40.704139709
-0.017307639 0.067772821 0.997550786 15.719871521 0.036822155 0.997066498 -0.067101061 -0.885141134 -0.999172032 0.035570614 -0.019752383 40.688983917
-0.013957858 0.073221721 0.997218013 16.246417999 0.038691536 0.996607780 -0.072635353 -0.918238759 -0.999153733 0.037570067 -0.016743541 40.679870605
-0.011626720 0.074081644 0.997184515 16.775747299 0.032570079 0.996750712 -0.073669679 -0.948478460 -0.999401927 0.031621851 -0.014001727 40.684314728
-0.008399725 0.070010670 0.997510910 17.314819336 0.028033508 0.997170448 -0.069750726 -0.988834977 -0.999571681 0.027377848 -0.010338545 40.689559937
-0.003488779 0.066648886 0.997770548 17.849763870 0.032028586 0.997272015 -0.066503607 -1.024192095 -0.999480963 0.031725168 -0.005613923 40.684104919
0.000129819 0.067577466 0.997714162 18.380884171 0.036705077 0.997041404 -0.067536689 -1.059475660 -0.999326229 0.036629945 -0.002351046 40.676612854
0.003309488 0.071921699 0.997404933 18.903263092 0.036728688 0.996728539 -0.071994811 -1.094045877 -0.999319911 0.036871646 0.000657082 40.676010132
0.007433176 0.073001377 0.997304142 19.438346863 0.033134334 0.996766031 -0.073208950 -1.124557137 -0.999423325 0.033589184 0.004990280 40.684642792
0.010786533 0.072285257 0.997325718 19.977798462 0.032242656 0.996839941 -0.072598770 -1.162093043 -0.999421895 0.032939523 0.008421779 40.696418762
0.013796270 0.069027409 0.997519553 20.516387939 0.036140930 0.996928036 -0.069486342 -1.202812076 -0.999251664 0.037009940 0.011259198 40.712669373
0.017581463 0.069482982 0.997428238 21.067558289 0.040792815 0.996701896 -0.070151433 -1.238220692 -0.999013007 0.041921273 0.014689088 40.719444275
0.020823300 0.070511810 0.997293711 21.600482941 0.043836713 0.996486187 -0.071370035 -1.270992041 -0.998821855 0.045204245 0.017659128 40.733886719
0.023567200 0.070578866 0.997227788 22.146167755 0.044176605 0.996456921 -0.071568318 -1.303811669 -0.998745799 0.045740802 0.020365775 40.744094849
0.026560187 0.069321416 0.997240782 22.698724747 0.044869497 0.996504605 -0.070465282 -1.340935469 -0.998639703 0.046617266 0.023356915 40.768501282
0.029883623 0.068271726 0.997219205 23.241806030 0.047241665 0.996453285 -0.069634989 -1.376729488 -0.998436451 0.049191244 0.026552379 40.787033081
0.032665074 0.068508491 0.997115731 23.786453247 0.045038451 0.996533692 -0.069943957 -1.413123131 -0.998451114 0.047193274 0.029466331 40.809764862
0.036241472 0.070416451 0.996859133 24.348678589 0.042216707 0.996516049 -0.071927041 -1.447286606 -0.998450935 0.044690855 0.033142447 40.830921173
0.039101660 0.070779085 0.996725321 24.885269165 0.043985151 0.996399403 -0.072481476 -1.477964878 -0.998266697 0.046675257 0.035847604 40.845474243
0.041910231 0.070349619 0.996641695 25.428157806 0.042002194 0.996512115 -0.072106734 -1.512997627 -0.998238266 0.044883151 0.038809180 40.873260498
0.044494927 0.070705116 0.996504486 25.983114243 0.040376149 0.996550024 -0.072511196 -1.549793959 -0.998193443 0.043461397 0.041486621 40.897918701
0.047094047 0.070908129 0.996370614 26.543886185 0.036933832 0.996671557 -0.072675258 -1.587592959 -0.998207510 0.040222358 0.044318378 40.932716370
0.049748600 0.072411731 0.996133387 27.080242157 0.036398456 0.996574342 -0.074261583 -1.628764153 -0.998098314 0.039952122 0.046942472 40.971435547
0.053712487 0.075821385 0.995673835 27.634603500 0.035499778 0.996337771 -0.077787019 -1.666069508 -0.997925341 0.039524339 0.050824165 40.997406006
0.056742072 0.077797525 0.995353222 28.190176010 0.035621837 0.996166825 -0.079891823 -1.707308531 -0.997753263 0.039989538 0.053753257 41.034248352
0.059216261 0.080417536 0.995000780 28.749530792 0.029461460 0.996174872 -0.082265794 -1.744172096 -0.997810423 0.034185648 0.056620538 41.079010010
0.061450958 0.080116212 0.994889557 29.308822632 0.025832515 0.996311784 -0.081826329 -1.779628396 -0.997775733 0.030728811 0.059154749 41.126491547
0.065156519 0.080297410 0.994639277 29.869735718 0.028109569 0.996213913 -0.082265951 -1.824301958 -0.997479200 0.033319049 0.062652707 41.165515900
0.069115400 0.081760511 0.994252741 30.430015564 0.027178980 0.996111631 -0.083802730 -1.866671205 -0.997238457 0.032814845 0.066624522 41.204124451
0.073144317 0.082556829 0.993898571 30.999465942 0.023145931 0.996159017 -0.084447980 -1.908253908 -0.997052848 0.029181600 0.070952475 41.254978180
0.077479243 0.080299497 0.993754983 31.563014984 0.022834558 0.996346831 -0.082289256 -1.953947186 -0.996732473 0.029067665 0.075362623 41.303253174
0.082619607 0.080200665 0.993348897 32.138099670 0.023267895 0.996329606 -0.082376584 -2.000545025 -0.996309578 0.029919069 0.080450296 41.349571228
0.087127984 0.083538726 0.992688298 32.702846527 0.019690517 0.996138632 -0.085557319 -2.047493696 -0.996002555 0.027000984 0.085146606 41.414844513
0.092912614 0.092344254 0.991382837 33.270164490 0.017560787 0.995383024 -0.094362661 -2.092916965 -0.995519519 0.026176956 0.090861976 41.481266022
0.100500107 0.096840739 0.990212917 33.835304260 0.016573742 0.994950771 -0.098986223 -2.141323328 -0.994799018 0.026359666 0.098387599 41.530174255
0.107832730 0.099838048 0.989143372 34.415073395 0.012396142 0.994732380 -0.101753563 -2.191351891 -0.994091868 0.023233928 0.106027067 41.604133606
0.114547133 0.098591179 0.988513470 34.991706848 0.008493811 0.994929492 -0.100215346 -2.239386320 -0.993381619 0.019875634 0.113128901 41.681018829
0.121931434 0.096736908 0.987813115 35.560386658 0.008251242 0.995105863 -0.098469585 -2.294634342 -0.992504239 0.020157222 0.120536447 41.753463745
0.128378451 0.093008205 0.987354338 36.131191254 0.007997673 0.995463073 -0.094811931 -2.348144054 -0.991693079 0.020068359 0.127052188 41.836826324
0.137148023 0.088587120 0.986581445 36.740535736 0.006485466 0.995891273 -0.090324640 -2.387972832 -0.990529418 0.018786296 0.136009991 41.917980194
0.144094706 0.081050083 0.986239195 37.326713562 0.004122932 0.996582329 -0.082502484 -2.435712099 -0.989555359 0.015954368 0.143268049 42.015930176
0.151408672 0.078001738 0.985388815 37.917724609 0.004093800 0.996823609 -0.079535916 -2.488507271 -0.988462746 0.016076408 0.150608420 42.115753174
0.159650743 0.080028445 0.983924329 38.493770599 0.004131734 0.996645629 -0.081733555 -2.531677723 -0.987164915 0.017114133 0.158784568 42.197185516
0.164584696 0.086467087 0.982565641 39.070991516 0.005004130 0.996064186 -0.088493191 -2.582457781 -0.986350179 0.019481510 0.163504243 42.312751770
0.169952035 0.089094497 0.981416583 39.634292603 0.001777805 0.995875299 -0.090714946 -2.646592379 -0.985450745 0.017161958 0.169092655 42.404254913
0.174749374 0.092493892 0.980259001 40.195602417 0.000629194 0.995567203 -0.094050497 -2.692829132 -0.984612882 0.017052051 0.173916578 42.515533447
0.180390120 0.091892898 0.979293227 40.746833801 -0.001765952 0.995654941 -0.093102925 -2.743521690 -0.983593583 0.015065469 0.179768562 42.616344452
0.185138822 0.088948876 0.978678584 41.300830841 0.002371404 0.995851874 -0.090958297 -2.794841290 -0.982709527 0.019160751 0.184159875 42.726215363
0.190238237 0.082104325 0.978298724 41.847770691 0.002930347 0.996444821 -0.084197074 -2.839062929 -0.981733620 0.018884260 0.189321280 42.827037811
0.193325102 0.076398313 0.978155911 42.388031006 0.000177111 0.996960998 -0.077902094 -2.883752584 -0.981134832 0.015233684 0.192724049 42.942817688
0.196117759 0.073199928 0.977844417 42.921314240 -0.003862135 0.997259736 -0.073878735 -2.925449133 -0.980572760 0.010712367 0.195863068 43.061191559
0.199547589 0.073135540 0.977155149 43.451309204 -0.005224805 0.997276008 -0.073574528 -2.966660261 -0.979874313 0.009576179 0.199386120 43.171924591
0.201495945 0.075244270 0.976594925 43.971263885 -0.007221967 0.997132003 -0.075336531 -3.006794930 -0.979462743 0.008127071 0.201461434 43.285865784
0.202979445 0.080021597 0.975907803 44.482955933 -0.010945693 0.996778250 -0.079456322 -3.040771723 -0.979121923 0.005446024 0.203201413 43.401840210
0.205178142 0.084350511 0.975083053 44.985382080 -0.012442842 0.996423542 -0.083578356 -3.080326319 -0.978645623 0.005015656 0.205493867 43.508098602
0.207081378 0.089638665 0.974208474 45.492744446 -0.013302606 0.995959520 -0.088812366 -3.126215219 -0.978233218 0.005431879 0.207437098 43.626190186
0.208777308 0.091565832 0.973667204 45.984985352 -0.012517970 0.995775819 -0.090960830 -3.166696072 -0.977883160 0.006802227 0.209041595 43.733131409
0.209879458 0.091476694 0.973438561 46.467052460 -0.015212938 0.995798588 -0.090297930 -3.211089134 -0.977608860 0.004142821 0.210389316 43.845100403
0.210611284 0.088694304 0.973538160 46.943519592 -0.015057169 0.996051788 -0.087488018 -3.252491713 -0.977454066 0.003767252 0.211115241 43.947937012
0.212319255 0.085533530 0.973449826 47.431579590 -0.014388718 0.996327579 -0.084405392 -3.297088623 -0.977094412 0.003914196 0.212770283 44.047267914
0.211208880 0.084793434 0.973756135 47.897949219 -0.014250409 0.996391296 -0.083673552 -3.335247278 -0.977337182 0.003796179 0.211655021 44.158882141
0.209007204 0.083390474 0.974352181 48.360393524 -0.014307849 0.996511698 -0.082217857 -3.384992599 -0.977809489 0.003243249 0.209471285 44.277397156
0.207251787 0.083981633 0.974676371 48.807823181 -0.015538115 0.996465385 -0.082555085 -3.424217224 -0.978164315 0.001965068 0.207824171 44.375537872
0.204929531 0.086874306 0.974913836 49.246189117 -0.016352821 0.996218085 -0.085335322 -3.462974548 -0.978640199 0.001545154 0.205575168 44.471351624
0.203116894 0.090578273 0.974956036 49.683071136 -0.013711229 0.995877564 -0.089665473 -3.499735832 -0.979058623 0.004844744 0.203521490 44.561813354
0.200967431 0.090972796 0.975364625 50.112697601 -0.011733998 0.995830595 -0.090463959 -3.538105726 -0.979527652 0.006735392 0.201196969 44.653659821
0.198590636 0.089944705 0.975946546 50.543403625 -0.012130361 0.995929301 -0.089318000 -3.573873997 -0.980007410 0.005899131 0.198873341 44.749622345
0.195974231 0.087321199 0.976713419 50.969795227 -0.012543313 0.996169090 -0.086543813 -3.609050035 -0.980528831 0.004709136 0.196318746 44.839733124
0.194063127 0.083296314 0.977446318 51.384117126 -0.012312584 0.996516883 -0.082476929 -3.648789406 -0.980911851 0.003970839 0.194412768 44.920139313
0.192405999 0.082131341 0.977872491 51.788681030 -0.008522198 0.996593654 -0.082026914 -3.685185194 -0.981278539 0.007448860 0.192450523 44.996971130
0.190847278 0.084099248 0.978010595 52.186157227 -0.005015545 0.996393740 -0.084701300 -3.712843180 -0.981607020 0.011259764 0.190580845 45.068386078
0.188259840 0.085898310 0.978355765 52.582958221 -0.000785071 0.996180654 -0.087312266 -3.746018410 -0.982119083 0.015669320 0.187608242 45.142364502
0.186614037 0.088019863 0.978482485 52.978931427 -0.001515087 0.996002972 -0.089306995 -3.776807308 -0.982432246 0.015183460 0.186001480 45.216556549
0.185154259 0.090753809 0.978510022 53.375862122 -0.002014939 0.995759547 -0.091972388 -3.810528994 -0.982707500 0.015057452 0.184551954 45.298038483
0.184780240 0.089291960 0.978715122 53.780952454 -0.000038046 0.995864630 -0.090849400 -3.844613552 -0.982779920 0.016749941 0.184019506 45.365192413
0.184625268 0.088012882 0.978860259 54.189510345 0.006097786 0.995860338 -0.090691552 -3.877398491 -0.982790112 0.022712842 0.183324337 45.452754974
0.186566055 0.085326031 0.978730202 54.589042664 0.010434691 0.995993018 -0.088820085 -3.920605898 -0.982387066 0.026783565 0.184928119 45.531116486
0.188344359 0.084934384 0.978423476 54.989929199 0.013228849 0.995943606 -0.089001782 -3.952039480 -0.982013941 0.029706404 0.186456740 45.611473083
0.191501737 0.084478021 0.977850080 55.391265869 0.010559138 0.996054053 -0.088118605 -3.986951113 -0.981435537 0.027200133 0.189854085 45.696067810
0.197062194 0.085099772 0.976690650 55.788131714 0.009776328 0.996005476 -0.088755213 -4.020453453 -0.980342269 0.027038751 0.195443034 45.780509949
0.203300297 0.084562927 0.975457966 56.189125061 0.010707825 0.996011853 -0.088576436 -4.048178673 -0.979057968 0.028452659 0.201584041 45.867900848
0.210891306 0.084382586 0.973860621 56.609062195 0.008404858 0.996073782 -0.088127390 -4.086710930 -0.977473378 0.026770456 0.209354043 45.965885162
0.219663501 0.082456872 0.972084880 57.023963928 0.008511826 0.996221781 -0.086427718 -4.120015621 -0.975538611 0.027259236 0.218131661 46.062400818
0.229129970 0.081969917 0.969938338 57.442466736 0.005626697 0.996319830 -0.085528634 -4.153917313 -0.973379552 0.025054725 0.227825522 46.154434204
0.238507569 0.081878811 0.967682838 57.862316132 0.004264679 0.996341467 -0.085354842 -4.186476231 -0.971131325 0.024484634 0.237285793 46.269794464
0.247932673 0.085887186 0.964962602 58.286743164 -0.001163676 0.996088028 -0.088358544 -4.218809605 -0.968776584 0.020784065 0.247062743 46.390254974
0.256691456 0.087709829 0.962505400 58.714874268 -0.004621934 0.995973647 -0.089527063 -4.255125999 -0.966482460 0.018532202 0.256063282 46.522666931
0.268260300 0.090714343 0.959065914 59.158409119 -0.009023868 0.995749474 -0.091660038 -4.292184353 -0.963304281 0.015934277 0.267938673 46.651592255
0.277608931 0.092304960 0.956249475 59.593875885 -0.010274973 0.995601833 -0.093120635 -4.328526974 -0.960639238 0.016025685 0.277336359 46.798118591
0.287152886 0.092976943 0.953361630 60.041912079 -0.013360556 0.995570004 -0.093069121 -4.366938591 -0.957791567 0.013987623 0.287123024 46.945011139
0.297396243 0.093632907 0.950151801 60.500137329 -0.014496651 0.995507598 -0.093565077 -4.405566692 -0.954644084 0.014051888 0.297417581 47.096576691
0.307722270 0.094344817 0.946787298 60.959663391 -0.018554889 0.995477676 -0.093166023 -4.443109035 -0.951295316 0.011101726 0.308081210 47.255924225
0.318503797 0.089976318 0.943641663 61.438137054 -0.018834643 0.995889127 -0.088600934 -4.480360985 -0.947734475 0.010446582 0.318889141 47.417346954
0.329147696 0.082721889 0.940648198 61.921558380 -0.015073676 0.996488810 -0.082358077 -4.520019054 -0.944158196 0.012928952 0.329238892 47.588787079
0.340385318 0.078440920 0.937008560 62.407989502 -0.013389669 0.996817589 -0.078583755 -4.556224823 -0.940190852 0.014202535 0.340352416 47.764842987
0.350536644 0.075587124 0.933493912 62.885124207 -0.014744660 0.997059643 -0.075197428 -4.592618465 -0.936433017 0.012595408 0.350620449 47.957420349
0.359995484 0.073370740 0.930064619 63.386493683 -0.008692041 0.997123301 -0.075296476 -4.625112534 -0.932913721 0.019022241 0.359597623 48.152763367
0.368444800 0.067204006 0.927217424 63.889343262 -0.001449108 0.997424006 -0.071716703 -4.660576820 -0.929648578 0.025080016 0.367593050 48.353099823
0.375585616 0.057935610 0.924975157 64.406066895 0.008278383 0.997794688 -0.065858081 -4.690958977 -0.926750779 0.032392651 0.374277711 48.557373047
0.382172883 0.053833462 0.922521532 64.916290283 0.012880184 0.997894406 -0.063567705 -4.725995541 -0.924001157 0.036176108 0.380674779 48.771770477
0.389592230 0.053876378 0.919410348 65.427337646 0.014660127 0.997798264 -0.064681925 -4.763048172 -0.920870900 0.038678251 0.387944579 48.989456177
0.397031009 0.059479669 0.915875971 65.942596436 0.017870022 0.997207701 -0.072508238 -4.797554493 -0.917631328 0.045154750 0.394859433 49.214153290
0.404399514 0.063669562 0.912363648 66.446548462 0.021786777 0.996620119 -0.079206288 -4.831442833 -0.914322972 0.051908448 0.401645541 49.432273865
0.408807874 0.066088706 0.910224438 66.949333191 0.019661546 0.996505201 -0.081183873 -4.869805336 -0.912408710 0.051085033 0.406079769 49.678062439
0.413718879 0.067812838 0.907875597 67.463645935 0.012123533 0.996723235 -0.079973921 -4.913665771 -0.910323918 0.044093382 0.411541104 49.917160034
0.417517304 0.071885705 0.905821025 67.960906982 0.005256344 0.996658087 -0.081517294 -4.954673767 -0.908653796 0.038796186 0.415744126 50.161705017
0.421872854 0.074657559 0.903576076 68.453819275 0.004734006 0.996408999 -0.084538125 -5.001903534 -0.906642735 0.039941877 0.420004427 50.394863129
0.425850987 0.078963548 0.901341081 68.937484741 0.001080800 0.996139348 -0.087779164 -5.047620773 -0.904792666 0.038355011 0.424121559 50.627994537
0.428409696 0.083272308 0.899739385 69.407279968 -0.004978988 0.995946884 -0.089805737 -5.098391533 -0.903570890 0.033993863 0.427087903 50.864974976
0.432689607 0.081685625 0.897834778 69.887741089 -0.005836137 0.996119678 -0.087815076 -5.141296387 -0.901524186 0.032756791 0.431487381 51.099563599
0.436987758 0.078887708 0.896001458 70.368392944 -0.005548753 0.996363997 -0.085017875 -5.189872742 -0.899450421 0.032180078 0.435836554 51.332546234
0.440128446 0.075656667 0.894741952 70.836296082 -0.005707625 0.996659696 -0.081466921 -5.239917278 -0.897916734 0.030749062 0.439090073 51.572998047
0.443908513 0.074489534 0.892970681 71.287048340 -0.004989088 0.996728837 -0.080664657 -5.268434525 -0.896058321 0.031352624 0.442828059 51.797569275
0.447257817 0.076315217 0.891143322 71.736351013 -0.007114515 0.996625185 -0.081777692 -5.308451653 -0.894376755 0.030235661 0.446291387 52.029483795
0.450077355 0.076743662 0.889685869 72.175895691 -0.006272446 0.996547401 -0.082788348 -5.348851204 -0.892967582 0.031680658 0.449004769 52.253231049
0.452092528 0.074706540 0.888837099 72.608146667 -0.003842745 0.996640325 -0.081812829 -5.388328552 -0.891962886 0.033571396 0.450860739 52.476554871
0.454010308 0.073711246 0.887942255 73.045394897 -0.002078157 0.996656954 -0.081673466 -5.426469803 -0.890994132 0.035235316 0.452645719 52.700218201
0.456701815 0.073991701 0.886537492 73.466857910 -0.003054831 0.996659756 -0.081608959 -5.455642700 -0.889614642 0.034562744 0.455402315 52.907428741
0.458843172 0.073365510 0.885483265 73.883758545 -0.001538973 0.996649325 -0.081778571 -5.491273880 -0.888516068 0.036160812 0.457418680 53.119670868
0.461309731 0.075195625 0.884046972 74.291152954 -0.002281953 0.996499300 -0.083569884 -5.528835773 -0.887236297 0.036534250 0.459866464 53.337890625
0.464086771 0.074891269 0.882618189 74.697708130 0.000914194 0.996378422 -0.085024670 -5.568418503 -0.885789275 0.040265720 0.462337613 53.556587219
0.467096627 0.074361011 0.881073952 75.090370178 0.002413023 0.996346474 -0.085369065 -5.605792046 -0.884203076 0.042001665 0.465210617 53.767147064
0.470274627 0.071750984 0.879598558 75.475112915 0.005889352 0.996412158 -0.084428474 -5.647888660 -0.882500470 0.044884831 0.468164742 53.976970673
0.473284960 0.070941724 0.878048182 75.855575562 0.007165298 0.996408999 -0.084366895 -5.682248116 -0.880880237 0.046221055 0.471077025 54.185440063
0.476289153 0.070373870 0.876468003 76.229278564 0.008308025 0.996387362 -0.084517248 -5.717854500 -0.879249513 0.047536366 0.473983824 54.394271851
0.480000556 0.069379285 0.874520421 76.600082397 0.008890109 0.996431947 -0.083930567 -5.755017757 -0.877223134 0.048061300 0.477671087 54.596580505
0.483036697 0.069084220 0.872870564 76.964172363 0.009930367 0.996386230 -0.084355347 -5.791990280 -0.875543833 0.049414657 0.480605125 54.806236267
0.486784577 0.070488691 0.870673418 77.325843811 0.009588484 0.996247649 -0.086015858 -5.824949265 -0.873469472 0.050219633 0.484282136 55.015296936
0.491599500 0.070655443 0.867950320 77.684791565 0.011849551 0.996067941 -0.087796338 -5.854866028 -0.870740771 0.053445451 0.488829255 55.204792023
0.496826112 0.074025266 0.864687324 78.042480469 0.009649470 0.995822787 -0.090796009 -5.890696049 -0.867796540 0.053453606 0.494036436 55.409729004
0.502085090 0.079794228 0.861129165 78.391159058 0.005818296 0.995400071 -0.095628470 -5.929579258 -0.864798665 0.053023934 0.499311268 55.620769501
0.507906675 0.086791016 0.857028723 78.737709045 0.001044340 0.994848549 -0.101366907 -5.961909771 -0.861411572 0.052379966 0.505199552 55.835727692
0.514020443 0.093291715 0.852689683 79.085769653 -0.004207920 0.994330347 -0.106251813 -6.000155449 -0.857767642 0.051027559 0.511498690 56.055416107
0.519984543 0.097564593 0.848585427 79.433601379 -0.007490583 0.993938029 -0.109686278 -6.037310123 -0.854142845 0.050678767 0.517563224 56.291378021
0.525647163 0.097887367 0.845052123 79.787673950 -0.011937805 0.994108737 -0.107727811 -6.077644348 -0.850618958 0.046538755 0.523719072 56.517177582
0.531079948 0.097121075 0.841737330 80.144599915 -0.018193834 0.994487286 -0.103266552 -6.114818096 -0.847126424 0.039528374 0.529919267 56.758510590
0.536669731 0.094985679 0.838429093 80.501831055 -0.024425209 0.994976163 -0.097086594 -6.151264191 -0.843438864 0.031624634 0.536293626 57.002716064
0.542352200 0.092889540 0.835000396 80.857719421 -0.031429477 0.995416641 -0.090320855 -6.198964119 -0.839563131 0.022742085 0.542785883 57.248783112
0.548213959 0.091088936 0.831362844 81.223060608 -0.034270644 0.995662928 -0.086491987 -6.236236095 -0.835635662 0.018924784 0.548958063 57.505168915
0.554645598 0.094630972 0.826688170 81.596359253 -0.039234277 0.995381236 -0.087618023 -6.271304131 -0.831161261 0.016162448 0.555796623 57.768085480
0.560401440 0.098789819 0.822308242 81.965446472 -0.043211587 0.994996011 -0.090087436 -6.303434372 -0.827093065 0.014951877 0.561866045 58.038078308
0.566790223 0.101864107 0.817540526 82.347259521 -0.045749582 0.994687259 -0.092218682 -6.339355946 -0.822590947 0.014866505 0.568439186 58.309326172
0.572815895 0.104332745 0.813017011 82.728111267 -0.048338652 0.994439781 -0.093557060 -6.374201775 -0.818257570 0.014290828 0.574674189 58.594551086
